0 2017   3 0 101.8
0 2017   4 0 101.8
0 2017   5 0 103.3
0 2017   6 0 103.3
0 2017   9 0 105.0
0 2017  10 0 102.9
0 2017  11 0 100.2
0 2017  12 0 100.2
0 2017  13 0 100.2
0 2017  17 0 100.4
0 2017  18 0 102.5
0 2017  19 0 103.1
0 2017  20 0 103.1
0 2017  23 0 105.1
0 2017  24 0 105.3
0 2017  25 0 107.9
0 2017  26 0 107.9
0 2017  27 0 109.0
0 2017  30 0 109.3
0 2017  31 0 110.7
0 2017  32 0 113.0
0 2017  33 0 113.0
0 2017  34 0 113.2
0 2017  37 0 111.7
0 2017  38 0 111.7
0 2017  39 0 111.7
0 2017  40 0 112.6
0 2017  41 0 114.3
0 2017  44 0 114.7
0 2017  45 0 113.9
0 2017  46 0 112.2
0 2017  47 0 113.6
0 2017  48 0 113.6
0 2017  52 0 116.1
0 2017  53 0 116.1
0 2017  54 0 117.6
0 2017  55 0 117.6
0 2017  58 0 117.6
0 2017  59 0 118.1
0 2017  60 0 118.0
0 2017  61 0 117.3
0 2017  62 0 117.0
0 2017  65 0 115.7
0 2017  66 0 117.8
0 2017  67 0 117.8
0 2017  68 0 117.8
0 2017  69 0 116.5
0 2017  72 0 115.2
0 2017  73 0 114.2
0 2017  74 0 112.1
0 2017  75 0 112.1
0 2017  76 0 112.1
0 2017  79 0 112.1
0 2017  80 0 112.1
0 2017  81 0 112.6
0 2017  82 0 110.8
0 2017  83 0 110.5
0 2017  86 0 109.7
0 2017  87 0 109.7
0 2017  88 0 110.7
0 2017  89 0 110.7
0 2017  90 0 110.7
0 2017  93 1 110.7
0 2017  94 1 110.7
0 2017  95 1 113.2
0 2017  96 1 110.8
0 2017  97 1 110.8
0 2017 100 1 113.4
0 2017 101 1 111.0
0 2017 102 1 110.5
0 2017 103 1 110.0
0 2017 104 1 111.7
0 2017 107 1 109.0
0 2017 108 1 109.0
0 2017 109 1 109.0
0 2017 110 1 111.7
0 2017 111 1 111.7
0 2017 114 1 111.5
0 2017 115 1 113.9
0 2017 116 1 115.2
0 2017 117 1 115.8
0 2017 118 1 117.6
0 2017 121 1 116.3
0 2017 122 1 118.8
0 2017 123 1 118.8
0 2017 124 1 118.8
0 2017 125 1 118.8
0 2017 128 1 118.8
0 2017 129 1 118.8
0 2017 130 1 118.8
0 2017 131 1 118.8
0 2017 132 1 120.3
0 2017 135 1 120.3
0 2017 136 1 121.2
0 2017 137 1 121.5
0 2017 138 1 122.0
0 2017 139 1 122.0
0 2017 142 1 124.1
0 2017 143 1 124.1
0 2017 144 1 124.1
0 2017 145 1 126.5
0 2017 146 1 128.1
0 2017 150 1 126.2
0 2017 151 1 126.9
0 2017 152 1 129.4
0 2017 153 1 129.5
0 2017 156 1 129.5
0 2017 157 1 129.5
0 2017 158 1 130.6
0 2017 159 1 131.1
0 2017 160 1 131.1
0 2017 163 1 132.4
0 2017 164 1 133.8
0 2017 165 1 130.8
0 2017 166 1 132.3
0 2017 167 1 134.7
0 2017 170 1 133.6
0 2017 171 1 135.2
0 2017 172 1 133.7
0 2017 173 1 134.6
0 2017 174 1 136.8
0 2017 177 1 137.7
0 2017 178 1 137.7
0 2017 179 1 140.4
0 2017 180 1 141.6
0 2017 181 1 139.0
0 2017 184 2 140.4
0 2017 186 2 141.3
0 2017 187 2 142.3
0 2017 188 2 142.3
0 2017 191 2 142.3
0 2017 192 2 144.6
0 2017 193 2 146.9
0 2017 194 2 147.8
0 2017 195 2 147.8
0 2017 198 2 147.8
0 2017 199 2 149.6
0 2017 200 2 150.7
0 2017 201 2 151.6
0 2017 202 2 151.6
0 2017 205 2 154.1
0 2017 206 2 153.5
0 2017 207 2 151.8
0 2017 208 2 154.4
0 2017 209 2 156.8
0 2017 212 2 157.2
0 2017 213 2 156.8
0 2017 214 2 157.5
0 2017 215 2 159.0
0 2017 216 2 158.6
0 2017 219 2 156.5
0 2017 220 2 155.5
0 2017 221 2 152.8
0 2017 222 2 155.3
0 2017 223 2 153.6
0 2017 226 2 153.6
0 2017 227 2 152.2
0 2017 228 2 152.2
0 2017 229 2 154.6
0 2017 230 2 153.7
0 2017 233 2 150.8
0 2017 234 2 150.2
0 2017 235 2 148.2
0 2017 236 2 148.9
0 2017 237 2 148.9
0 2017 240 2 148.9
0 2017 241 2 148.9
0 2017 242 2 151.8
0 2017 243 2 154.5
0 2017 244 2 157.1
0 2017 248 2 154.6
0 2017 249 2 156.8
0 2017 250 2 157.3
0 2017 251 2 157.3
0 2017 254 2 154.5
0 2017 255 2 152.7
0 2017 256 2 155.2
0 2017 257 2 155.3
0 2017 258 2 158.1
0 2017 261 2 156.1
0 2017 262 2 153.3
0 2017 263 2 153.3
0 2017 264 2 155.4
0 2017 265 2 154.7
0 2017 268 2 156.2
0 2017 269 2 157.8
0 2017 270 2 157.8
0 2017 271 2 159.9
0 2017 272 2 161.3
0 2017 275 3 162.6
0 2017 276 3 161.1
0 2017 277 3 161.1
0 2017 278 3 162.4
0 2017 279 3 159.7
0 2017 283 3 159.7
0 2017 284 3 159.7
0 2017 285 3 162.5
0 2017 286 3 164.8
0 2017 289 3 164.8
0 2017 290 3 163.9
0 2017 291 3 163.9
0 2017 292 3 165.6
0 2017 293 3 165.5
0 2017 296 3 165.5
0 2017 297 3 164.4
0 2017 298 3 162.0
0 2017 299 3 164.7
0 2017 300 3 165.2
0 2017 303 3 164.6
0 2017 304 3 163.0
0 2017 305 3 161.3
0 2017 306 3 163.4
0 2017 307 3 160.9
0 2017 310 3 161.0
0 2017 311 3 161.3
0 2017 312 3 161.3
0 2017 313 3 163.0
0 2017 317 3 165.3
0 2017 318 3 162.5
0 2017 319 3 163.8
0 2017 320 3 165.1
0 2017 321 3 167.5
0 2017 324 3 164.5
0 2017 325 3 164.5
0 2017 326 3 165.3
0 2017 328 3 165.3
0 2017 331 3 165.3
0 2017 332 3 165.3
0 2017 333 3 168.0
0 2017 334 3 168.3
0 2017 335 3 171.0
0 2017 338 3 169.2
0 2017 339 3 167.7
0 2017 340 3 166.5
0 2017 341 3 169.5
0 2017 342 3 168.0
0 2017 345 3 170.7
0 2017 346 3 169.5
0 2017 347 3 167.2
0 2017 348 3 167.5
0 2017 349 3 167.7
0 2017 352 3 164.8
0 2017 353 3 164.8
0 2017 354 3 162.2
0 2017 355 3 163.2
0 2017 356 3 163.7
0 2017 360 3 165.8
0 2017 361 3 168.7
0 2017 362 3 169.0
0 2017 363 3 171.6
0 2018   2 0 174.3
0 2018   3 0 174.3
0 2018   4 0 172.8
0 2018   5 0 171.8
0 2018   8 0 172.5
0 2018   9 0 172.5
0 2018  10 0 173.0
0 2018  11 0 170.9
0 2018  12 0 169.8
0 2018  16 0 169.8
0 2018  17 0 168.6
0 2018  18 0 168.6
0 2018  19 0 166.9
0 2018  22 0 164.2
0 2018  23 0 162.8
0 2018  24 0 161.8
0 2018  25 0 159.5
0 2018  26 0 157.2
0 2018  29 0 154.4
0 2018  30 0 154.5
0 2018  31 0 156.1
0 2018  32 0 155.0
0 2018  33 0 157.7
0 2018  36 0 154.9
0 2018  37 0 152.7
0 2018  38 0 152.7
0 2018  39 0 153.8
0 2018  40 0 154.7
0 2018  43 0 154.8
0 2018  44 0 154.1
0 2018  45 0 156.9
0 2018  46 0 155.6
0 2018  47 0 155.6
0 2018  51 0 152.7
0 2018  52 0 152.4
0 2018  53 0 152.4
0 2018  54 0 153.9
0 2018  57 0 153.1
0 2018  58 0 153.1
0 2018  59 0 155.5
0 2018  60 0 155.5
0 2018  61 0 154.3
0 2018  64 0 156.7
0 2018  65 0 156.7
0 2018  66 0 155.0
0 2018  67 0 153.2
0 2018  68 0 151.9
0 2018  71 0 151.3
0 2018  72 0 153.9
0 2018  73 0 153.7
0 2018  74 0 154.7
0 2018  75 0 151.7
0 2018  78 0 151.6
0 2018  79 0 152.2
0 2018  80 0 152.2
0 2018  81 0 149.4
0 2018  82 0 150.5
0 2018  85 0 149.6
0 2018  86 0 148.7
0 2018  87 0 147.9
0 2018  88 0 147.9
0 2018  89 0 145.3
0 2018  92 1 142.6
0 2018  93 1 144.6
0 2018  94 1 144.2
0 2018  95 1 143.1
0 2018  96 1 143.1
0 2018  99 1 141.4
0 2018 100 1 141.4
0 2018 101 1 144.4
0 2018 102 1 146.6
0 2018 103 1 148.1
0 2018 106 1 148.0
0 2018 107 1 145.3
0 2018 108 1 145.3
0 2018 109 1 145.3
0 2018 110 1 145.3
0 2018 113 1 145.1
0 2018 114 1 147.9
0 2018 115 1 145.9
0 2018 116 1 145.9
0 2018 117 1 146.9
0 2018 120 1 144.6
0 2018 121 1 142.7
0 2018 122 1 143.8
0 2018 123 1 143.6
0 2018 124 1 143.7
0 2018 127 1 141.5
0 2018 128 1 139.4
0 2018 129 1 139.0
0 2018 130 1 138.6
0 2018 131 1 140.9
0 2018 134 1 143.5
0 2018 135 1 143.5
0 2018 136 1 141.2
0 2018 137 1 142.8
0 2018 138 1 141.5
0 2018 141 1 140.1
0 2018 142 1 140.1
0 2018 143 1 137.9
0 2018 144 1 136.3
0 2018 145 1 133.8
0 2018 149 1 135.0
0 2018 150 1 135.8
0 2018 151 1 135.4
0 2018 152 1 133.5
0 2018 155 1 135.9
0 2018 156 1 134.3
0 2018 157 1 134.3
0 2018 158 1 134.6
0 2018 159 1 136.9
0 2018 162 1 135.1
0 2018 163 1 133.8
0 2018 164 1 131.4
0 2018 165 1 132.3
0 2018 166 1 135.0
0 2018 169 1 134.8
0 2018 170 1 135.3
0 2018 171 1 137.7
0 2018 172 1 139.4
0 2018 173 1 137.0
0 2018 176 1 137.0
0 2018 177 1 137.4
0 2018 178 1 137.4
0 2018 179 1 140.1
0 2018 180 1 140.1
0 2018 183 2 142.8
0 2018 184 2 142.8
0 2018 186 2 144.2
0 2018 187 2 142.3
0 2018 190 2 142.3
0 2018 191 2 140.2
0 2018 192 2 139.7
0 2018 193 2 142.4
0 2018 194 2 142.4
0 2018 197 2 142.4
0 2018 198 2 142.4
0 2018 199 2 141.0
0 2018 200 2 143.7
0 2018 201 2 143.6
0 2018 204 2 143.6
0 2018 205 2 146.1
0 2018 206 2 147.0
0 2018 207 2 149.4
0 2018 208 2 147.9
0 2018 211 2 145.7
0 2018 212 2 143.4
0 2018 213 2 140.7
0 2018 214 2 143.5
0 2018 215 2 142.2
0 2018 218 2 145.0
0 2018 219 2 143.3
0 2018 220 2 140.7
0 2018 221 2 141.6
0 2018 222 2 141.6
0 2018 225 2 141.6
0 2018 226 2 144.3
0 2018 227 2 144.3
0 2018 228 2 145.9
0 2018 229 2 148.6
0 2018 232 2 151.0
0 2018 233 2 148.5
0 2018 234 2 150.4
0 2018 235 2 151.5
0 2018 236 2 151.5
0 2018 239 2 149.9
0 2018 240 2 149.9
0 2018 241 2 149.9
0 2018 242 2 152.1
0 2018 243 2 149.3
0 2018 247 2 148.5
0 2018 248 2 149.1
0 2018 249 2 151.6
0 2018 250 2 150.1
0 2018 253 2 150.3
0 2018 254 2 151.3
0 2018 255 2 151.3
0 2018 256 2 152.5
0 2018 257 2 154.5
0 2018 260 2 152.6
0 2018 261 2 153.1
0 2018 262 2 153.2
0 2018 263 2 156.1
0 2018 264 2 157.4
0 2018 267 2 159.5
0 2018 268 2 157.4
0 2018 269 2 158.3
0 2018 270 2 158.8
0 2018 271 2 158.8
0 2018 274 3 158.8
0 2018 275 3 159.1
0 2018 276 3 156.2
0 2018 277 3 158.3
0 2018 278 3 160.0
0 2018 282 3 159.7
0 2018 283 3 161.2
0 2018 284 3 163.6
0 2018 285 3 160.6
0 2018 288 3 160.6
0 2018 289 3 158.5
0 2018 290 3 158.2
0 2018 291 3 159.3
0 2018 292 3 156.6
0 2018 295 3 158.6
0 2018 296 3 160.6
0 2018 297 3 160.1
0 2018 298 3 161.8
0 2018 299 3 161.5
0 2018 302 3 161.5
0 2018 303 3 161.6
0 2018 304 3 158.7
0 2018 305 3 161.6
0 2018 306 3 159.0
0 2018 309 3 160.7
0 2018 310 3 160.7
0 2018 311 3 160.7
0 2018 312 3 163.0
0 2018 313 3 161.5
0 2018 317 3 161.7
0 2018 318 3 161.7
0 2018 319 3 164.2
0 2018 320 3 164.2
0 2018 323 3 162.3
0 2018 324 3 159.6
0 2018 325 3 159.0
0 2018 327 3 158.5
0 2018 330 3 159.6
0 2018 331 3 159.6
0 2018 332 3 162.4
0 2018 333 3 162.6
0 2018 334 3 164.4
0 2018 337 3 167.1
0 2018 338 3 168.5
0 2018 339 3 168.5
0 2018 340 3 169.5
0 2018 341 3 167.9
0 2018 344 3 170.4
0 2018 345 3 168.6
0 2018 346 3 169.7
0 2018 347 3 170.1
0 2018 348 3 168.8
0 2018 351 3 168.7
0 2018 352 3 168.7
0 2018 353 3 168.7
0 2018 354 3 170.8
0 2018 355 3 173.2
0 2018 358 3 173.2
0 2018 360 3 173.1
0 2018 361 3 176.0
0 2018 362 3 175.4
0 2018 365 3 175.4
0 2019   2 0 177.3
0 2019   3 0 177.5
0 2019   4 0 177.5
0 2019   7 0 174.5
0 2019   8 0 174.5
0 2019   9 0 172.1
0 2019  10 0 172.1
0 2019  11 0 172.1
0 2019  14 0 171.0
0 2019  15 0 172.8
0 2019  16 0 173.2
0 2019  17 0 172.3
0 2019  18 0 173.2
0 2019  22 0 171.6
0 2019  23 0 171.1
0 2019  24 0 171.1
0 2019  25 0 173.8
0 2019  28 0 171.5
0 2019  29 0 171.5
0 2019  30 0 171.5
0 2019  31 0 171.5
0 2019  32 0 171.4
0 2019  35 0 172.9
0 2019  36 0 175.9
0 2019  37 0 173.3
0 2019  38 0 175.8
0 2019  39 0 175.4
0 2019  42 0 175.4
0 2019  43 0 174.0
0 2019  44 0 175.3
0 2019  45 0 175.6
0 2019  46 0 175.6
0 2019  50 0 175.6
0 2019  51 0 175.6
0 2019  52 0 175.4
0 2019  53 0 176.4
0 2019  56 0 176.5
0 2019  57 0 176.5
0 2019  58 0 176.9
0 2019  59 0 175.4
0 2019  60 0 175.4
0 2019  63 0 175.4
0 2019  64 0 177.3
0 2019  65 0 179.1
0 2019  66 0 179.1
0 2019  67 0 180.5
0 2019  70 0 182.9
0 2019  71 0 182.0
0 2019  72 0 184.0
0 2019  73 0 181.3
0 2019  74 0 181.3
0 2019  77 0 181.3
0 2019  78 0 180.1
0 2019  79 0 177.1
0 2019  80 0 176.1
0 2019  81 0 177.0
0 2019  84 0 176.4
0 2019  85 0 177.9
0 2019  86 0 176.3
0 2019  87 0 176.3
0 2019  88 0 177.8
0 2019  91 1 177.8
0 2019  92 1 175.5
0 2019  93 1 174.2
0 2019  94 1 174.4
0 2019  95 1 176.9
0 2019  98 1 174.3
0 2019  99 1 173.2
0 2019 100 1 171.2
0 2019 101 1 170.4
0 2019 102 1 171.3
0 2019 105 1 173.8
0 2019 106 1 171.1
0 2019 107 1 173.2
0 2019 108 1 174.8
0 2019 109 1 176.1
0 2019 112 1 173.8
0 2019 113 1 173.8
0 2019 114 1 173.8
0 2019 115 1 173.8
0 2019 116 1 171.6
0 2019 119 1 171.3
0 2019 120 1 172.4
0 2019 121 1 171.1
0 2019 122 1 169.0
0 2019 123 1 169.0
0 2019 126 1 170.3
0 2019 127 1 172.5
0 2019 128 1 169.7
0 2019 129 1 171.0
0 2019 130 1 171.0
0 2019 133 1 172.5
0 2019 134 1 170.7
0 2019 135 1 168.0
0 2019 136 1 165.5
0 2019 137 1 163.8
0 2019 140 1 163.8
0 2019 141 1 163.5
0 2019 142 1 163.5
0 2019 143 1 163.8
0 2019 144 1 162.5
0 2019 148 1 164.1
0 2019 149 1 166.6
0 2019 150 1 166.6
0 2019 151 1 166.6
0 2019 154 1 164.0
0 2019 155 1 166.2
0 2019 156 1 168.6
0 2019 157 1 169.1
0 2019 158 1 169.1
0 2019 161 1 170.0
0 2019 162 1 171.7
0 2019 163 1 171.7
0 2019 164 1 174.2
0 2019 165 1 171.8
0 2019 168 1 171.8
0 2019 169 1 169.8
0 2019 170 1 171.6
0 2019 171 1 173.1
0 2019 172 1 175.0
0 2019 175 1 175.0
0 2019 176 1 176.0
0 2019 177 1 176.0
0 2019 178 1 176.9
0 2019 179 1 176.9
0 2019 182 2 176.9
0 2019 183 2 177.4
0 2019 184 2 180.2
0 2019 186 2 181.4
0 2019 189 2 181.4
0 2019 190 2 183.6
0 2019 191 2 180.6
0 2019 192 2 181.0
0 2019 193 2 183.0
0 2019 196 2 183.7
0 2019 197 2 183.7
0 2019 198 2 183.6
0 2019 199 2 186.4
0 2019 200 2 186.4
0 2019 203 2 186.4
0 2019 204 2 188.7
0 2019 205 2 188.3
0 2019 206 2 189.7
0 2019 207 2 189.7
0 2019 210 2 192.6
0 2019 211 2 192.1
0 2019 212 2 192.1
0 2019 213 2 194.4
0 2019 214 2 192.4
0 2019 217 2 190.7
0 2019 218 2 190.7
0 2019 219 2 189.0
0 2019 220 2 191.0
0 2019 221 2 191.0
0 2019 224 2 190.8
0 2019 225 2 188.2
0 2019 226 2 190.6
0 2019 227 2 192.1
0 2019 228 2 194.2
0 2019 231 2 194.2
0 2019 232 2 191.8
0 2019 233 2 193.4
0 2019 234 2 193.8
0 2019 235 2 193.8
0 2019 238 2 191.5
0 2019 239 2 191.1
0 2019 240 2 190.6
0 2019 241 2 191.6
0 2019 242 2 192.1
0 2019 246 2 192.2
0 2019 247 2 192.2
0 2019 248 2 194.8
0 2019 249 2 196.6
0 2019 252 2 196.6
0 2019 253 2 196.6
0 2019 254 2 198.0
0 2019 255 2 198.2
0 2019 256 2 196.6
0 2019 259 2 197.2
0 2019 260 2 197.2
0 2019 261 2 194.3
0 2019 262 2 196.6
0 2019 263 2 196.6
0 2019 266 2 198.9
0 2019 267 2 200.5
0 2019 268 2 198.6
0 2019 269 2 199.0
0 2019 270 2 200.7
0 2019 273 2 200.7
0 2019 274 3 198.2
0 2019 275 3 200.7
0 2019 276 3 202.1
0 2019 277 3 203.5
0 2019 280 3 201.3
0 2019 281 3 201.3
0 2019 282 3 201.3
0 2019 283 3 203.1
0 2019 284 3 205.8
0 2019 288 3 208.4
0 2019 289 3 208.4
0 2019 290 3 208.6
0 2019 291 3 208.2
0 2019 294 3 211.0
0 2019 295 3 213.0
0 2019 296 3 213.0
0 2019 297 3 214.3
0 2019 298 3 214.3
0 2019 301 3 214.3
0 2019 302 3 214.3
0 2019 303 3 214.0
0 2019 304 3 215.7
0 2019 305 3 213.8
0 2019 308 3 213.8
0 2019 309 3 213.8
0 2019 310 3 210.9
0 2019 311 3 212.1
0 2019 312 3 212.1
0 2019 316 3 214.1
0 2019 317 3 214.0
0 2019 318 3 216.6
0 2019 319 3 216.6
0 2019 322 3 216.6
0 2019 323 3 214.4
0 2019 324 3 214.4
0 2019 325 3 216.2
0 2019 326 3 216.6
0 2019 329 3 214.8
0 2019 330 3 214.5
0 2019 331 3 215.7
0 2019 333 3 216.1
0 2019 336 3 216.1
0 2019 337 3 217.7
0 2019 338 3 217.6
0 2019 339 3 218.0
0 2019 340 3 215.4
0 2019 343 3 215.4
0 2019 344 3 217.3
0 2019 345 3 217.8
0 2019 346 3 219.2
0 2019 347 3 219.6
0 2019 350 3 221.4
0 2019 351 3 221.4
0 2019 352 3 224.3
0 2019 353 3 225.5
0 2019 354 3 228.1
0 2019 357 3 229.0
0 2019 358 3 229.6
0 2019 360 3 230.0
0 2019 361 3 232.3
0 2019 364 3 231.4
0 2019 365 3 234.0
0 2020   2 0 234.0
0 2020   3 0 234.0
0 2020   6 0 236.1
0 2020   7 0 238.6
0 2020   8 0 237.1
0 2020   9 0 237.1
0 2020  10 0 236.8
0 2020  13 0 236.8
0 2020  14 0 236.9
0 2020  15 0 235.5
0 2020  16 0 236.1
0 2020  17 0 236.1
0 2020  21 0 233.9
0 2020  22 0 233.9
0 2020  23 0 232.4
0 2020  24 0 232.4
0 2020  27 0 234.6
0 2020  28 0 236.1
0 2020  29 0 238.4
0 2020  30 0 241.2
0 2020  31 0 241.2
0 2020  34 0 243.7
0 2020  35 0 243.7
0 2020  36 0 241.3
0 2020  37 0 238.8
0 2020  38 0 241.2
0 2020  41 0 239.5
0 2020  42 0 240.1
0 2020  43 0 237.4
0 2020  44 0 235.2
0 2020  45 0 233.0
0 2020  49 0 235.8
0 2020  50 0 235.1
0 2020  51 0 238.0
0 2020  52 0 238.0
0 2020  55 0 235.5
0 2020  56 0 237.4
0 2020  57 0 234.5
0 2020  58 0 234.5
0 2020  59 0 235.7
0 2020  62 0 235.7
0 2020  63 0 233.2
0 2020  64 0 233.2
0 2020  65 0 230.6
0 2020  66 0 232.2
0 2020  69 0 234.3
0 2020  70 0 232.4
0 2020  71 0 230.6
0 2020  72 0 232.0
0 2020  73 0 232.4
0 2020  76 0 234.8
0 2020  77 0 234.8
0 2020  78 0 235.2
0 2020  79 0 237.3
0 2020  80 0 237.4
0 2020  83 0 237.4
0 2020  84 0 237.4
0 2020  85 0 235.6
0 2020  86 0 238.0
0 2020  87 0 238.0
0 2020  90 0 236.0
0 2020  91 0 235.6
0 2020  92 1 235.6
0 2020  93 1 232.7
0 2020  94 1 231.3
0 2020  97 1 230.1
0 2020  98 1 230.9
0 2020  99 1 230.9
0 2020 100 1 230.9
0 2020 101 1 233.8
0 2020 104 1 236.4
0 2020 105 1 236.4
0 2020 106 1 235.3
0 2020 107 1 233.4
0 2020 108 1 232.0
0 2020 111 1 234.2
0 2020 112 1 231.9
0 2020 113 1 230.4
0 2020 114 1 231.8
0 2020 115 1 231.8
0 2020 118 1 231.8
0 2020 119 1 232.9
0 2020 120 1 232.9
0 2020 121 1 232.9
0 2020 122 1 230.0
0 2020 125 1 228.9
0 2020 126 1 226.4
0 2020 127 1 226.4
0 2020 128 1 226.0
0 2020 129 1 226.0
0 2020 132 1 223.4
0 2020 133 1 223.4
0 2020 134 1 221.1
0 2020 135 1 222.7
0 2020 136 1 219.7
0 2020 139 1 221.4
0 2020 140 1 223.6
0 2020 141 1 223.6
0 2020 142 1 223.6
0 2020 143 1 223.6
0 2020 147 1 225.7
0 2020 148 1 225.7
0 2020 149 1 225.7
0 2020 150 1 227.2
0 2020 153 1 227.2
0 2020 154 1 227.2
0 2020 155 1 230.2
0 2020 156 1 231.8
0 2020 157 1 231.2
0 2020 160 1 232.1
0 2020 161 1 230.9
0 2020 162 1 230.9
0 2020 163 1 233.8
0 2020 164 1 232.2
0 2020 167 1 230.1
0 2020 168 1 230.1
0 2020 169 1 230.9
0 2020 170 1 232.7
0 2020 171 1 229.8
0 2020 174 1 227.0
0 2020 175 1 225.8
0 2020 176 1 225.8
0 2020 177 1 227.9
0 2020 178 1 229.3
0 2020 181 1 227.2
0 2020 182 1 229.3
0 2020 183 2 229.3
0 2020 184 2 229.9
0 2020 188 2 229.9
0 2020 189 2 231.7
0 2020 190 2 230.0
0 2020 191 2 231.9
0 2020 192 2 233.0
0 2020 195 2 233.7
0 2020 196 2 236.0
0 2020 197 2 238.1
0 2020 198 2 239.3
0 2020 199 2 240.5
0 2020 202 2 241.4
0 2020 203 2 239.8
0 2020 204 2 239.8
0 2020 205 2 242.4
0 2020 206 2 241.7
0 2020 209 2 244.7
0 2020 210 2 243.5
0 2020 211 2 241.5
0 2020 212 2 242.8
0 2020 213 2 242.8
0 2020 216 2 242.5
0 2020 217 2 242.9
0 2020 218 2 245.2
0 2020 219 2 245.5
0 2020 220 2 247.8
0 2020 223 2 250.7
0 2020 224 2 252.0
0 2020 225 2 252.0
0 2020 226 2 254.0
0 2020 227 2 252.1
0 2020 230 2 251.5
0 2020 231 2 252.1
0 2020 232 2 253.3
0 2020 233 2 254.0
0 2020 234 2 254.0
0 2020 237 2 254.0
0 2020 238 2 254.0
0 2020 239 2 251.2
0 2020 240 2 252.5
0 2020 241 2 253.4
0 2020 244 2 254.8
0 2020 245 2 255.5
0 2020 246 2 257.8
0 2020 247 2 258.7
0 2020 248 2 261.3
0 2020 252 2 264.0
0 2020 253 2 266.1
0 2020 254 2 268.8
0 2020 255 2 268.8
0 2020 258 2 269.2
0 2020 259 2 270.0
0 2020 260 2 267.3
0 2020 261 2 268.6
0 2020 262 2 271.0
0 2020 265 2 273.9
0 2020 266 2 275.6
0 2020 267 2 278.3
0 2020 268 2 278.7
0 2020 269 2 276.5
0 2020 272 2 276.5
0 2020 273 2 273.9
0 2020 274 2 273.9
0 2020 275 3 276.1
0 2020 276 3 274.9
0 2020 279 3 273.7
0 2020 280 3 273.7
0 2020 281 3 271.8
0 2020 282 3 274.5
0 2020 283 3 276.1
0 2020 287 3 276.4
0 2020 288 3 276.3
0 2020 289 3 277.5
0 2020 290 3 279.6
0 2020 293 3 279.6
0 2020 294 3 279.2
0 2020 295 3 280.5
0 2020 296 3 281.5
0 2020 297 3 280.8
0 2020 300 3 280.8
0 2020 301 3 280.8
0 2020 302 3 278.5
0 2020 303 3 278.7
0 2020 304 3 278.7
0 2020 307 3 280.8
0 2020 308 3 280.4
0 2020 309 3 283.2
0 2020 310 3 284.2
0 2020 311 3 284.2
0 2020 314 3 284.7
0 2020 315 3 283.8
0 2020 317 3 284.7
0 2020 318 3 281.8
0 2020 321 3 281.8
0 2020 322 3 281.8
0 2020 323 3 281.7
0 2020 324 3 284.2
0 2020 325 3 285.6
0 2020 328 3 288.5
0 2020 329 3 286.4
0 2020 330 3 283.4
0 2020 332 3 285.1
0 2020 335 3 286.2
0 2020 336 3 285.1
0 2020 337 3 287.6
0 2020 338 3 290.2
0 2020 339 3 290.2
0 2020 342 3 290.2
0 2020 343 3 291.6
0 2020 344 3 294.3
0 2020 345 3 295.7
0 2020 346 3 297.7
0 2020 349 3 297.3
0 2020 350 3 294.9
0 2020 351 3 294.9
0 2020 352 3 297.0
0 2020 353 3 295.3
0 2020 356 3 296.8
0 2020 357 3 298.3
0 2020 358 3 296.1
0 2020 359 3 298.7
0 2020 363 3 299.8
0 2020 364 3 299.4
0 2020 365 3 299.4
0 2020 366 3 302.3
0 2021   4 0 303.8
0 2021   5 0 301.4
0 2021   6 0 302.7
0 2021   7 0 302.7
0 2021   8 0 299.8
0 2021  11 0 296.9
0 2021  12 0 296.9
0 2021  13 0 296.9
0 2021  14 0 294.6
0 2021  15 0 294.6
0 2021  19 0 297.0
0 2021  20 0 298.4
0 2021  21 0 296.3
0 2021  22 0 298.2
0 2021  25 0 298.2
0 2021  26 0 299.9
0 2021  27 0 299.9
0 2021  28 0 300.5
0 2021  29 0 301.3
0 2021  32 0 303.8
0 2021  33 0 303.6
0 2021  34 0 306.0
0 2021  35 0 306.6
0 2021  36 0 305.7
0 2021  39 0 305.7
0 2021  40 0 304.5
0 2021  41 0 307.0
0 2021  42 0 305.2
0 2021  43 0 305.2
0 2021  47 0 306.4
0 2021  48 0 306.8
0 2021  49 0 306.6
0 2021  50 0 306.6
0 2021  53 0 308.2
0 2021  54 0 306.7
0 2021  55 0 304.6
0 2021  56 0 304.6
0 2021  57 0 302.6
0 2021  60 0 302.6
0 2021  61 0 303.2
0 2021  62 0 303.2
0 2021  63 0 305.7
0 2021  64 0 304.5
0 2021  67 0 302.5
0 2021  68 0 301.9
0 2021  69 0 301.9
0 2021  70 0 299.2
0 2021  71 0 299.1
0 2021  74 0 300.8
0 2021  75 0 299.8
0 2021  76 0 302.5
0 2021  77 0 302.5
0 2021  78 0 302.5
0 2021  81 0 300.4
0 2021  82 0 300.4
0 2021  83 0 302.6
0 2021  84 0 301.3
0 2021  85 0 301.3
0 2021  88 0 299.2
0 2021  89 0 298.7
0 2021  90 0 298.7
0 2021  91 1 298.7
0 2021  92 1 301.6
0 2021  95 1 304.4
0 2021  96 1 304.4
0 2021  97 1 304.1
0 2021  98 1 306.1
0 2021  99 1 304.4
0 2021 102 1 305.6
0 2021 103 1 306.2
0 2021 104 1 306.2
0 2021 105 1 307.3
0 2021 106 1 305.2
0 2021 109 1 305.1
0 2021 110 1 305.1
0 2021 111 1 304.1
0 2021 112 1 304.1
0 2021 113 1 305.4
0 2021 116 1 306.6
0 2021 117 1 306.6
0 2021 118 1 308.0
0 2021 119 1 307.3
0 2021 120 1 309.1
0 2021 123 1 311.4
0 2021 124 1 311.9
0 2021 125 1 311.9
0 2021 126 1 311.9
0 2021 127 1 310.4
0 2021 130 1 310.4
0 2021 131 1 310.4
0 2021 132 1 311.1
0 2021 133 1 310.2
0 2021 134 1 312.6
0 2021 137 1 315.0
0 2021 138 1 316.9
0 2021 139 1 319.8
0 2021 140 1 321.5
0 2021 141 1 318.7
0 2021 144 1 319.3
0 2021 145 1 319.7
0 2021 146 1 318.4
0 2021 147 1 319.2
0 2021 148 1 319.3
0 2021 152 1 319.3
0 2021 153 1 321.7
0 2021 154 1 323.6
0 2021 155 1 321.9
0 2021 158 1 319.5
0 2021 159 1 320.6
0 2021 160 1 323.0
0 2021 161 1 325.8
0 2021 162 1 328.1
0 2021 165 1 328.1
0 2021 166 1 325.6
0 2021 167 1 325.6
0 2021 168 1 325.9
0 2021 172 1 325.2
0 2021 173 1 325.2
0 2021 174 1 328.0
0 2021 175 1 329.1
0 2021 176 1 329.1
0 2021 179 1 329.9
0 2021 180 1 329.9
0 2021 181 1 330.4
0 2021 182 2 333.3
0 2021 183 2 332.0
0 2021 187 2 333.6
0 2021 188 2 333.1
0 2021 189 2 334.7
0 2021 190 2 334.7
0 2021 193 2 332.6
0 2021 194 2 332.5
0 2021 195 2 330.2
0 2021 196 2 332.0
0 2021 197 2 333.6
0 2021 200 2 333.4
0 2021 201 2 331.7
0 2021 202 2 329.8
0 2021 203 2 331.0
0 2021 204 2 331.0
0 2021 207 2 331.5
0 2021 208 2 331.2
0 2021 209 2 330.1
0 2021 210 2 333.1
0 2021 211 2 333.1
0 2021 214 2 335.5
0 2021 215 2 335.5
0 2021 216 2 334.7
0 2021 217 2 336.3
0 2021 218 2 333.5
0 2021 221 2 333.5
0 2021 222 2 335.5
0 2021 223 2 336.7
0 2021 224 2 339.2
0 2021 225 2 339.2
0 2021 228 2 337.7
0 2021 229 2 336.8
0 2021 230 2 338.2
0 2021 231 2 338.4
0 2021 232 2 340.8
0 2021 235 2 340.0
0 2021 236 2 337.3
0 2021 237 2 334.8
0 2021 238 2 336.0
0 2021 239 2 337.1
0 2021 242 2 334.6
0 2021 243 2 334.5
0 2021 244 2 333.6
0 2021 245 2 333.8
0 2021 246 2 335.1
0 2021 250 2 334.4
0 2021 251 2 336.0
0 2021 252 2 337.7
0 2021 253 2 339.8
0 2021 256 2 338.2
0 2021 257 2 338.2
0 2021 258 2 335.8
0 2021 259 2 337.8
0 2021 260 2 336.8
0 2021 263 2 336.1
0 2021 264 2 338.1
0 2021 265 2 338.1
0 2021 266 2 340.9
0 2021 267 2 340.9
0 2021 270 2 341.9
0 2021 271 2 341.3
0 2021 272 2 344.3
0 2021 273 2 345.7
0 2021 274 3 343.4
0 2021 277 3 343.4
0 2021 278 3 342.2
0 2021 279 3 343.8
0 2021 280 3 345.2
0 2021 281 3 342.8
0 2021 285 3 341.9
0 2021 286 3 340.2
0 2021 287 3 341.4
0 2021 288 3 341.4
0 2021 291 3 342.0
0 2021 292 3 342.0
0 2021 293 3 342.0
0 2021 294 3 344.7
0 2021 295 3 344.7
0 2021 298 3 344.7
0 2021 299 3 344.7
0 2021 300 3 344.7
0 2021 301 3 346.3
0 2021 302 3 346.3
0 2021 305 3 344.4
0 2021 306 3 342.6
0 2021 307 3 344.4
0 2021 308 3 347.1
0 2021 309 3 344.7
0 2021 312 3 346.7
0 2021 313 3 346.7
0 2021 314 3 348.1
0 2021 316 3 348.1
0 2021 319 3 346.4
0 2021 320 3 348.9
0 2021 321 3 345.9
0 2021 322 3 347.3
0 2021 323 3 346.4
0 2021 326 3 346.9
0 2021 327 3 345.4
0 2021 328 3 345.4
0 2021 330 3 348.2
0 2021 333 3 349.9
0 2021 334 3 348.3
0 2021 335 3 349.3
0 2021 336 3 350.8
0 2021 337 3 350.6
0 2021 340 3 353.4
0 2021 341 3 355.5
0 2021 342 3 355.5
0 2021 343 3 356.8
0 2021 344 3 355.7
0 2021 347 3 353.0
0 2021 348 3 352.6
0 2021 349 3 350.2
0 2021 350 3 352.8
0 2021 351 3 351.8
0 2021 354 3 353.9
0 2021 355 3 356.4
0 2021 356 3 355.3
0 2021 357 3 357.8
0 2021 361 3 355.8
0 2021 362 3 355.7
0 2021 363 3 354.8
0 2021 364 3 355.2
0 2022   3 0 355.2
0 2022   4 0 355.2
0 2022   5 0 357.7
0 2022   6 0 360.4
0 2022   7 0 360.2
0 2022  10 0 359.3
0 2022  11 0 356.5
0 2022  12 0 358.1
0 2022  13 0 358.1
0 2022  14 0 357.9
0 2022  18 0 356.2
0 2022  19 0 358.8
0 2022  20 0 355.8
0 2022  21 0 356.2
0 2022  24 0 356.8
0 2022  25 0 356.8
0 2022  26 0 359.1
0 2022  27 0 359.1
0 2022  28 0 356.2
0 2022  31 0 354.6
0 2022  32 0 354.6
0 2022  33 0 351.9
0 2022  34 0 350.4
0 2022  35 0 350.4
0 2022  38 0 350.5
0 2022  39 0 351.8
0 2022  40 0 349.6
0 2022  41 0 348.2
0 2022  42 0 348.0
0 2022  45 0 348.3
0 2022  46 0 347.6
0 2022  47 0 347.0
0 2022  48 0 346.3
0 2022  49 0 344.1
0 2022  53 0 346.7
0 2022  54 0 347.8
0 2022  55 0 347.8
0 2022  56 0 345.9
0 2022  59 0 344.2
0 2022  60 0 342.4
0 2022  61 0 339.4
0 2022  62 0 340.5
0 2022  63 0 339.3
0 2022  66 0 337.6
0 2022  67 0 337.0
0 2022  68 0 338.4
0 2022  69 0 338.4
0 2022  70 0 338.4
0 2022  73 0 336.3
0 2022  74 0 334.3
0 2022  75 0 334.3
0 2022  76 0 334.1
0 2022  77 0 334.1
0 2022  80 0 334.8
0 2022  81 0 334.8
0 2022  82 0 332.7
0 2022  83 0 333.4
0 2022  84 0 333.9
0 2022  87 0 333.9
0 2022  88 0 334.8
0 2022  89 0 334.8
0 2022  90 0 334.8
0 2022  91 1 332.4
0 2022  94 1 332.0
0 2022  95 1 334.1
0 2022  96 1 333.2
0 2022  97 1 336.1
0 2022  98 1 338.3
0 2022 101 1 336.2
0 2022 102 1 337.3
0 2022 103 1 338.9
0 2022 104 1 336.5
0 2022 105 1 336.5
0 2022 108 1 335.0
0 2022 109 1 334.9
0 2022 110 1 332.8
0 2022 111 1 332.3
0 2022 112 1 330.0
0 2022 115 1 330.0
0 2022 116 1 330.0
0 2022 117 1 332.3
0 2022 118 1 329.7
0 2022 119 1 330.3
0 2022 122 1 330.3
0 2022 123 1 331.0
0 2022 124 1 328.0
0 2022 125 1 325.3
0 2022 126 1 324.0
0 2022 129 1 322.7
0 2022 130 1 322.1
0 2022 131 1 320.7
0 2022 132 1 320.7
0 2022 133 1 320.7
0 2022 136 1 319.6
0 2022 137 1 319.6
0 2022 138 1 318.8
0 2022 139 1 317.3
0 2022 140 1 319.2
0 2022 143 1 318.5
0 2022 144 1 318.5
0 2022 145 1 319.7
0 2022 146 1 317.9
0 2022 147 1 320.4
0 2022 151 1 321.0
0 2022 152 1 323.8
0 2022 153 1 326.6
0 2022 154 1 324.1
0 2022 157 1 324.0
0 2022 158 1 321.8
0 2022 159 1 321.8
0 2022 160 1 322.1
0 2022 161 1 324.0
0 2022 164 1 324.2
0 2022 165 1 322.4
0 2022 166 1 322.1
0 2022 167 1 324.2
0 2022 168 1 326.9
0 2022 172 1 326.9
0 2022 173 1 328.3
0 2022 174 1 329.4
0 2022 175 1 327.2
0 2022 178 1 324.8
0 2022 179 1 326.2
0 2022 180 1 326.2
0 2022 181 1 326.6
0 2022 182 2 326.6
0 2022 186 2 329.5
0 2022 187 2 328.3
0 2022 188 2 329.0
0 2022 189 2 329.2
0 2022 192 2 329.4
0 2022 193 2 328.1
0 2022 194 2 328.1
0 2022 195 2 330.7
0 2022 196 2 328.7
0 2022 199 2 331.5
0 2022 200 2 331.5
0 2022 201 2 332.6
0 2022 202 2 334.7
0 2022 203 2 335.6
0 2022 206 2 335.8
0 2022 207 2 336.2
0 2022 208 2 335.6
0 2022 209 2 338.0
0 2022 210 2 340.8
0 2022 213 2 343.5
0 2022 214 2 343.5
0 2022 215 2 343.0
0 2022 216 2 344.9
0 2022 217 2 344.2
0 2022 220 2 345.1
0 2022 221 2 344.1
0 2022 222 2 342.0
0 2022 223 2 342.8
0 2022 224 2 343.7
0 2022 227 2 345.7
0 2022 228 2 343.6
0 2022 229 2 343.6
0 2022 230 2 345.1
0 2022 231 2 343.7
0 2022 234 2 344.8
0 2022 235 2 343.2
0 2022 236 2 342.4
0 2022 237 2 343.2
0 2022 238 2 343.2
0 2022 241 2 343.7
0 2022 242 2 343.7
0 2022 243 2 343.7
0 2022 244 2 343.9
0 2022 245 2 340.9
0 2022 249 2 338.8
0 2022 250 2 341.5
0 2022 251 2 343.1
0 2022 252 2 343.1
0 2022 255 2 341.9
0 2022 256 2 341.9
0 2022 257 2 343.4
0 2022 258 2 343.7
0 2022 259 2 343.7
0 2022 262 2 345.6
0 2022 263 2 346.5
0 2022 264 2 344.2
0 2022 265 2 346.0
0 2022 266 2 345.4
0 2022 269 2 343.6
0 2022 270 2 341.1
0 2022 271 2 341.1
0 2022 272 2 344.1
0 2022 273 2 343.5
0 2022 276 3 343.5
0 2022 277 3 343.5
0 2022 278 3 346.0
0 2022 279 3 347.2
0 2022 280 3 348.6
0 2022 284 3 348.6
0 2022 285 3 347.4
0 2022 286 3 350.2
0 2022 287 3 348.4
0 2022 290 3 346.9
0 2022 291 3 344.6
0 2022 292 3 341.8
0 2022 293 3 342.4
0 2022 294 3 344.3
0 2022 297 3 344.3
0 2022 298 3 343.8
0 2022 299 3 343.8
0 2022 300 3 346.7
0 2022 301 3 347.9
0 2022 304 3 347.9
0 2022 305 3 347.9
0 2022 306 3 346.2
0 2022 307 3 346.4
0 2022 308 3 346.2
0 2022 311 3 347.6
0 2022 312 3 347.0
0 2022 313 3 347.0
0 2022 314 3 347.3
0 2022 318 3 349.6
0 2022 319 3 349.4
0 2022 320 3 347.1
0 2022 321 3 348.9
0 2022 322 3 348.3
0 2022 325 3 349.3
0 2022 326 3 349.3
0 2022 327 3 349.3
0 2022 329 3 349.3
0 2022 332 3 346.7
0 2022 333 3 347.5
0 2022 334 3 345.9
0 2022 335 3 346.9
0 2022 336 3 347.6
0 2022 339 3 345.3
0 2022 340 3 348.0
0 2022 341 3 348.0
0 2022 342 3 350.7
0 2022 343 3 349.4
0 2022 346 3 350.0
0 2022 347 3 351.4
0 2022 348 3 351.4
0 2022 349 3 352.2
0 2022 350 3 349.3
0 2022 353 3 351.1
0 2022 354 3 351.1
0 2022 355 3 351.2
0 2022 356 3 352.9
0 2022 357 3 353.7
0 2022 361 3 352.6
0 2022 362 3 352.6
0 2022 363 3 355.1
0 2022 364 3 355.1
0 2023   3 0 355.1
0 2023   4 0 355.1
0 2023   5 0 355.1
0 2023   6 0 356.0
0 2023   9 0 353.4
0 2023  10 0 354.1
0 2023  11 0 355.7
0 2023  12 0 355.8
0 2023  13 0 355.4
0 2023  17 0 357.2
0 2023  18 0 356.6
0 2023  19 0 354.8
0 2023  20 0 354.8
0 2023  23 0 354.4
0 2023  24 0 356.5
0 2023  25 0 356.5
0 2023  26 0 356.8
0 2023  27 0 358.4
0 2023  30 0 360.8
0 2023  31 0 360.8
0 2023  32 0 361.5
0 2023  33 0 360.4
0 2023  34 0 362.3
0 2023  37 0 365.1
0 2023  38 0 364.9
0 2023  39 0 364.9
0 2023  40 0 366.9
0 2023  41 0 366.9
0 2023  44 0 368.9
0 2023  45 0 369.1
0 2023  46 0 370.3
0 2023  47 0 369.2
0 2023  48 0 372.1
0 2023  52 0 372.1
0 2023  53 0 371.8
0 2023  54 0 372.2
0 2023  55 0 372.2
0 2023  58 0 374.6
0 2023  59 0 374.6
0 2023  60 0 374.6
0 2023  61 0 373.1
0 2023  62 0 373.0
0 2023  65 0 373.5
0 2023  66 0 373.5
0 2023  67 0 375.3
0 2023  68 0 375.3
0 2023  69 0 376.7
0 2023  72 0 379.1
0 2023  73 0 379.1
0 2023  74 0 378.8
0 2023  75 0 381.8
0 2023  76 0 381.8
0 2023  79 0 380.7
0 2023  80 0 380.7
0 2023  81 0 379.9
0 2023  82 0 379.9
0 2023  83 0 382.6
0 2023  86 0 382.6
0 2023  87 0 384.3
0 2023  88 0 382.1
0 2023  89 0 384.8
0 2023  90 0 382.3
0 2023  93 1 382.3
0 2023  94 1 382.3
0 2023  95 1 382.3
0 2023  96 1 382.3
0 2023  97 1 381.5
0 2023 100 1 381.5
0 2023 101 1 381.5
0 2023 102 1 381.5
0 2023 103 1 379.7
0 2023 104 1 379.7
0 2023 107 1 380.4
0 2023 108 1 378.1
0 2023 109 1 377.6
0 2023 110 1 377.6
0 2023 111 1 379.5
0 2023 114 1 379.5
0 2023 115 1 379.5
0 2023 116 1 377.6
0 2023 117 1 377.6
0 2023 118 1 377.6
0 2023 121 1 379.1
0 2023 122 1 377.5
0 2023 123 1 377.5
0 2023 124 1 379.6
0 2023 125 1 380.0
0 2023 128 1 378.4
0 2023 129 1 378.4
0 2023 130 1 378.4
0 2023 131 1 377.8
0 2023 132 1 378.3
0 2023 135 1 375.7
0 2023 136 1 378.7
0 2023 137 1 377.7
0 2023 138 1 380.5
0 2023 139 1 381.0
0 2023 142 1 381.0
0 2023 143 1 383.5
0 2023 144 1 383.8
0 2023 145 1 383.8
0 2023 146 1 383.8
0 2023 150 1 383.9
0 2023 151 1 383.6
0 2023 152 1 384.7
0 2023 153 1 385.3
0 2023 156 1 385.8
0 2023 157 1 387.1
0 2023 158 1 385.4
0 2023 159 1 388.2
0 2023 160 1 389.3
0 2023 163 1 391.6
0 2023 164 1 391.7
0 2023 165 1 391.7
0 2023 166 1 392.7
0 2023 167 1 395.2
0 2023 171 1 395.2
0 2023 172 1 395.2
0 2023 173 1 398.0
0 2023 174 1 398.0
0 2023 177 1 398.8
0 2023 178 1 398.8
0 2023 179 1 400.4
0 2023 180 1 401.7
0 2023 181 1 401.7
0 2023 184 2 402.1
0 2023 186 2 402.1
0 2023 187 2 403.7
0 2023 188 2 405.3
0 2023 191 2 402.5
0 2023 192 2 404.5
0 2023 193 2 405.6
0 2023 194 2 406.4
0 2023 195 2 406.0
0 2023 198 2 406.0
0 2023 199 2 406.0
0 2023 200 2 407.7
0 2023 201 2 409.4
0 2023 202 2 409.9
0 2023 205 2 409.0
0 2023 206 2 410.8
0 2023 207 2 410.9
0 2023 208 2 413.2
0 2023 209 2 415.8
0 2023 212 2 415.8
0 2023 213 2 415.8
0 2023 214 2 415.8
0 2023 215 2 416.3
0 2023 216 2 413.5
0 2023 219 2 413.5
0 2023 220 2 411.0
0 2023 221 2 411.0
0 2023 222 2 413.2
0 2023 223 2 414.4
0 2023 226 2 414.4
0 2023 227 2 413.8
0 2023 228 2 410.9
0 2023 229 2 411.9
0 2023 230 2 414.4
0 2023 233 2 414.4
0 2023 234 2 414.4
0 2023 235 2 415.5
0 2023 236 2 418.1
0 2023 237 2 418.1
0 2023 240 2 418.1
0 2023 241 2 419.0
0 2023 242 2 419.0
0 2023 243 2 421.0
0 2023 244 2 421.1
0 2023 248 2 420.8
0 2023 249 2 421.3
0 2023 250 2 423.2
0 2023 251 2 426.1
0 2023 254 2 426.1
0 2023 255 2 426.2
0 2023 256 2 428.9
0 2023 257 2 431.8
0 2023 258 2 431.8
0 2023 261 2 431.8
0 2023 262 2 430.7
0 2023 263 2 430.7
0 2023 264 2 433.0
0 2023 265 2 433.0
0 2023 268 2 433.0
0 2023 269 2 433.0
0 2023 270 2 433.5
0 2023 271 2 435.7
0 2023 272 2 435.7
0 2023 275 3 435.7
0 2023 276 3 438.4
0 2023 277 3 436.2
0 2023 278 3 436.9
0 2023 279 3 435.1
0 2023 283 3 435.1
0 2023 284 3 434.7
0 2023 285 3 435.4
0 2023 286 3 434.1
0 2023 289 3 434.1
0 2023 290 3 434.1
0 2023 291 3 433.3
0 2023 292 3 434.3
0 2023 293 3 437.1
0 2023 296 3 437.3
0 2023 297 3 437.3
0 2023 298 3 437.3
0 2023 299 3 437.8
0 2023 300 3 437.8
0 2023 303 3 435.2
0 2023 304 3 436.4
0 2023 305 3 436.4
0 2023 306 3 437.0
0 2023 307 3 435.9
0 2023 310 3 435.9
0 2023 311 3 437.6
0 2023 312 3 439.2
0 2023 313 3 442.1
0 2023 317 3 442.5
0 2023 318 3 442.5
0 2023 319 3 442.6
0 2023 320 3 445.3
0 2023 321 3 445.3
0 2023 324 3 443.7
0 2023 325 3 443.7
0 2023 326 3 443.7
0 2023 328 3 443.7
0 2023 331 3 446.5
0 2023 332 3 447.5
0 2023 333 3 446.8
0 2023 334 3 447.9
0 2023 335 3 447.9
0 2023 338 3 447.3
0 2023 339 3 450.3
0 2023 340 3 452.6
0 2023 341 3 454.8
0 2023 342 3 455.6
0 2023 345 3 454.4
0 2023 346 3 451.8
0 2023 347 3 449.5
0 2023 348 3 452.4
0 2023 349 3 454.1
0 2023 352 3 452.6
0 2023 353 3 452.6
0 2023 354 3 451.2
0 2023 355 3 453.6
0 2023 356 3 454.5
0 2023 360 3 456.5
0 2023 361 3 454.2
0 2023 362 3 455.0
0 2023 363 3 453.8
1 2017   3 0 100.0
1 2017   4 0 100.0
1 2017   5 0  97.1
1 2017   6 0  97.1
1 2017   9 0  99.0
1 2017  10 0  99.0
1 2017  11 0 100.2
1 2017  12 0 100.0
1 2017  13 0 100.4
1 2017  17 0 101.9
1 2017  18 0 101.9
1 2017  19 0 100.3
1 2017  20 0  97.8
1 2017  23 0 100.7
1 2017  24 0 101.0
1 2017  25 0 101.8
1 2017  26 0 101.8
1 2017  27 0 102.0
1 2017  30 0 102.0
1 2017  31 0 104.1
1 2017  32 0 103.7
1 2017  33 0 103.7
1 2017  34 0 102.5
1 2017  37 0 102.4
1 2017  38 0 101.0
1 2017  39 0 101.0
1 2017  40 0  99.7
1 2017  41 0  99.7
1 2017  44 0  98.1
1 2017  45 0 101.0
1 2017  46 0 100.8
1 2017  47 0 100.8
1 2017  48 0 100.8
1 2017  52 0 102.2
1 2017  53 0 100.3
1 2017  54 0 102.2
1 2017  55 0 102.2
1 2017  58 0 103.1
1 2017  59 0 103.1
1 2017  60 0 104.2
1 2017  61 0 105.7
1 2017  62 0 106.8
1 2017  65 0 107.5
1 2017  66 0 105.4
1 2017  67 0 107.7
1 2017  68 0 107.8
1 2017  69 0 108.5
1 2017  72 0 110.1
1 2017  73 0 110.1
1 2017  74 0 108.5
1 2017  75 0 109.5
1 2017  76 0 111.6
1 2017  79 0 110.6
1 2017  80 0 111.5
1 2017  81 0 111.5
1 2017  82 0 111.5
1 2017  83 0 111.5
1 2017  86 0 113.0
1 2017  87 0 113.0
1 2017  88 0 112.3
1 2017  89 0 112.3
1 2017  90 0 113.3
1 2017  93 1 112.4
1 2017  94 1 110.3
1 2017  95 1 109.6
1 2017  96 1 108.7
1 2017  97 1 106.6
1 2017 100 1 109.6
1 2017 101 1 109.6
1 2017 102 1 109.6
1 2017 103 1 109.6
1 2017 104 1 111.7
1 2017 107 1 111.5
1 2017 108 1 114.4
1 2017 109 1 112.7
1 2017 110 1 110.0
1 2017 111 1 112.3
1 2017 114 1 114.5
1 2017 115 1 114.5
1 2017 116 1 113.9
1 2017 117 1 116.5
1 2017 118 1 113.9
1 2017 121 1 112.8
1 2017 122 1 113.7
1 2017 123 1 111.7
1 2017 124 1 113.6
1 2017 125 1 114.7
1 2017 128 1 114.9
1 2017 129 1 117.0
1 2017 130 1 119.8
1 2017 131 1 119.8
1 2017 132 1 117.5
1 2017 135 1 116.0
1 2017 136 1 116.0
1 2017 137 1 114.4
1 2017 138 1 114.4
1 2017 139 1 114.4
1 2017 142 1 114.8
1 2017 143 1 114.8
1 2017 144 1 117.5
1 2017 145 1 117.5
1 2017 146 1 119.6
1 2017 150 1 119.6
1 2017 151 1 121.7
1 2017 152 1 122.8
1 2017 153 1 120.0
1 2017 156 1 120.0
1 2017 157 1 119.0
1 2017 158 1 119.0
1 2017 159 1 119.4
1 2017 160 1 119.3
1 2017 163 1 122.3
1 2017 164 1 122.9
1 2017 165 1 122.9
1 2017 166 1 123.3
1 2017 167 1 123.3
1 2017 170 1 121.1
1 2017 171 1 121.1
1 2017 172 1 119.5
1 2017 173 1 121.6
1 2017 174 1 121.6
1 2017 177 1 118.9
1 2017 178 1 120.8
1 2017 179 1 118.3
1 2017 180 1 120.4
1 2017 181 1 120.7
1 2017 184 2 118.1
1 2017 186 2 119.4
1 2017 187 2 119.6
1 2017 188 2 117.6
1 2017 191 2 117.9
1 2017 192 2 118.0
1 2017 193 2 115.7
1 2017 194 2 116.6
1 2017 195 2 116.6
1 2017 198 2 118.8
1 2017 199 2 118.8
1 2017 200 2 118.8
1 2017 201 2 119.4
1 2017 202 2 121.6
1 2017 205 2 121.6
1 2017 206 2 122.0
1 2017 207 2 122.0
1 2017 208 2 123.3
1 2017 209 2 120.4
1 2017 212 2 118.2
1 2017 213 2 117.4
1 2017 214 2 115.5
1 2017 215 2 118.0
1 2017 216 2 118.0
1 2017 219 2 115.0
1 2017 220 2 115.0
1 2017 221 2 117.9
1 2017 222 2 120.6
1 2017 223 2 121.5
1 2017 226 2 119.8
1 2017 227 2 122.3
1 2017 228 2 124.4
1 2017 229 2 126.6
1 2017 230 2 127.5
1 2017 233 2 125.8
1 2017 234 2 125.8
1 2017 235 2 125.4
1 2017 236 2 127.0
1 2017 237 2 127.0
1 2017 240 2 127.0
1 2017 241 2 128.1
1 2017 242 2 126.8
1 2017 243 2 129.2
1 2017 244 2 129.2
1 2017 248 2 131.9
1 2017 249 2 134.6
1 2017 250 2 136.3
1 2017 251 2 137.9
1 2017 254 2 140.6
1 2017 255 2 140.2
1 2017 256 2 140.2
1 2017 257 2 141.8
1 2017 258 2 139.1
1 2017 261 2 137.1
1 2017 262 2 138.5
1 2017 263 2 138.5
1 2017 264 2 139.5
1 2017 265 2 139.8
1 2017 268 2 142.0
1 2017 269 2 142.4
1 2017 270 2 142.4
1 2017 271 2 142.9
1 2017 272 2 140.4
1 2017 275 3 143.2
1 2017 276 3 144.3
1 2017 277 3 146.9
1 2017 278 3 148.7
1 2017 279 3 149.7
1 2017 283 3 149.4
1 2017 284 3 149.4
1 2017 285 3 149.8
1 2017 286 3 151.4
1 2017 289 3 152.0
1 2017 290 3 154.0
1 2017 291 3 154.0
1 2017 292 3 155.2
1 2017 293 3 157.1
1 2017 296 3 159.1
1 2017 297 3 157.4
1 2017 298 3 157.4
1 2017 299 3 158.9
1 2017 300 3 159.1
1 2017 303 3 160.0
1 2017 304 3 157.3
1 2017 305 3 157.3
1 2017 306 3 159.6
1 2017 307 3 161.2
1 2017 310 3 160.8
1 2017 311 3 158.9
1 2017 312 3 159.4
1 2017 313 3 161.2
1 2017 317 3 162.7
1 2017 318 3 165.0
1 2017 319 3 164.4
1 2017 320 3 166.3
1 2017 321 3 165.7
1 2017 324 3 165.7
1 2017 325 3 168.6
1 2017 326 3 168.6
1 2017 328 3 168.9
1 2017 331 3 168.9
1 2017 332 3 168.9
1 2017 333 3 168.9
1 2017 334 3 169.7
1 2017 335 3 169.7
1 2017 338 3 172.6
1 2017 339 3 174.6
1 2017 340 3 174.6
1 2017 341 3 175.7
1 2017 342 3 176.9
1 2017 345 3 177.1
1 2017 346 3 178.5
1 2017 347 3 179.6
1 2017 348 3 179.8
1 2017 349 3 181.4
1 2017 352 3 183.9
1 2017 353 3 183.9
1 2017 354 3 185.3
1 2017 355 3 185.6
1 2017 356 3 185.6
1 2017 360 3 185.6
1 2017 361 3 186.8
1 2017 362 3 187.1
1 2017 363 3 189.4
1 2018   2 0 186.9
1 2018   3 0 186.9
1 2018   4 0 186.9
1 2018   5 0 187.9
1 2018   8 0 185.5
1 2018   9 0 184.9
1 2018  10 0 187.4
1 2018  11 0 187.4
1 2018  12 0 186.0
1 2018  16 0 185.5
1 2018  17 0 184.3
1 2018  18 0 183.7
1 2018  19 0 183.7
1 2018  22 0 181.9
1 2018  23 0 180.3
1 2018  24 0 180.3
1 2018  25 0 182.7
1 2018  26 0 182.4
1 2018  29 0 182.4
1 2018  30 0 182.4
1 2018  31 0 182.4
1 2018  32 0 182.4
1 2018  33 0 182.4
1 2018  36 0 185.1
1 2018  37 0 184.5
1 2018  38 0 182.5
1 2018  39 0 182.7
1 2018  40 0 182.7
1 2018  43 0 182.3
1 2018  44 0 180.8
1 2018  45 0 180.8
1 2018  46 0 182.9
1 2018  47 0 180.2
1 2018  51 0 180.4
1 2018  52 0 178.9
1 2018  53 0 181.7
1 2018  54 0 181.8
1 2018  57 0 181.8
1 2018  58 0 182.2
1 2018  59 0 182.1
1 2018  60 0 182.1
1 2018  61 0 182.1
1 2018  64 0 184.4
1 2018  65 0 185.6
1 2018  66 0 185.6
1 2018  67 0 185.1
1 2018  68 0 186.3
1 2018  71 0 187.1
1 2018  72 0 187.1
1 2018  73 0 188.1
1 2018  74 0 188.1
1 2018  75 0 186.5
1 2018  78 0 184.4
1 2018  79 0 184.4
1 2018  80 0 185.6
1 2018  81 0 185.5
1 2018  82 0 186.1
1 2018  85 0 186.1
1 2018  86 0 186.1
1 2018  87 0 187.9
1 2018  88 0 190.3
1 2018  89 0 190.2
1 2018  92 1 192.8
1 2018  93 1 193.7
1 2018  94 1 193.7
1 2018  95 1 191.7
1 2018  96 1 191.6
1 2018  99 1 192.9
1 2018 100 1 195.0
1 2018 101 1 197.3
1 2018 102 1 197.3
1 2018 103 1 197.3
1 2018 106 1 195.7
1 2018 107 1 196.9
1 2018 108 1 198.6
1 2018 109 1 200.7
1 2018 110 1 202.7
1 2018 113 1 202.9
1 2018 114 1 202.9
1 2018 115 1 200.0
1 2018 116 1 200.0
1 2018 117 1 199.5
1 2018 120 1 199.5
1 2018 121 1 202.1
1 2018 122 1 202.1
1 2018 123 1 200.3
1 2018 124 1 200.3
1 2018 127 1 200.3
1 2018 128 1 202.1
1 2018 129 1 202.1
1 2018 130 1 202.1
1 2018 131 1 201.2
1 2018 134 1 202.2
1 2018 135 1 199.7
1 2018 136 1 201.9
1 2018 137 1 199.5
1 2018 138 1 199.5
1 2018 141 1 199.5
1 2018 142 1 200.5
1 2018 143 1 201.1
1 2018 144 1 201.1
1 2018 145 1 202.1
1 2018 149 1 204.4
1 2018 150 1 203.2
1 2018 151 1 204.4
1 2018 152 1 205.0
1 2018 155 1 202.9
1 2018 156 1 203.9
1 2018 157 1 201.1
1 2018 158 1 201.3
1 2018 159 1 200.8
1 2018 162 1 200.8
1 2018 163 1 200.7
1 2018 164 1 198.2
1 2018 165 1 199.1
1 2018 166 1 201.3
1 2018 169 1 201.8
1 2018 170 1 201.8
1 2018 171 1 199.2
1 2018 172 1 200.9
1 2018 173 1 200.9
1 2018 176 1 200.9
1 2018 177 1 202.7
1 2018 178 1 204.3
1 2018 179 1 205.0
1 2018 180 1 205.0
1 2018 183 2 205.0
1 2018 184 2 205.9
1 2018 186 2 207.8
1 2018 187 2 208.4
1 2018 190 2 208.8
1 2018 191 2 209.5
1 2018 192 2 208.8
1 2018 193 2 210.8
1 2018 194 2 212.3
1 2018 197 2 212.3
1 2018 198 2 211.4
1 2018 199 2 212.4
1 2018 200 2 213.7
1 2018 201 2 211.0
1 2018 204 2 211.5
1 2018 205 2 213.2
1 2018 206 2 211.3
1 2018 207 2 214.3
1 2018 208 2 216.9
1 2018 211 2 216.9
1 2018 212 2 216.9
1 2018 213 2 216.9
1 2018 214 2 218.4
1 2018 215 2 218.6
1 2018 218 2 217.5
1 2018 219 2 217.1
1 2018 220 2 217.1
1 2018 221 2 218.5
1 2018 222 2 217.5
1 2018 225 2 215.8
1 2018 226 2 213.3
1 2018 227 2 213.3
1 2018 228 2 213.4
1 2018 229 2 211.3
1 2018 232 2 211.2
1 2018 233 2 208.7
1 2018 234 2 207.1
1 2018 235 2 208.4
1 2018 236 2 208.9
1 2018 239 2 208.2
1 2018 240 2 209.9
1 2018 241 2 209.8
1 2018 242 2 210.1
1 2018 243 2 210.1
1 2018 247 2 210.0
1 2018 248 2 211.6
1 2018 249 2 212.4
1 2018 250 2 213.9
1 2018 253 2 213.9
1 2018 254 2 215.1
1 2018 255 2 215.1
1 2018 256 2 215.3
1 2018 257 2 215.3
1 2018 260 2 214.4
1 2018 261 2 214.3
1 2018 262 2 216.1
1 2018 263 2 217.6
1 2018 264 2 218.7
1 2018 267 2 220.8
1 2018 268 2 220.8
1 2018 269 2 218.9
1 2018 270 2 219.8
1 2018 271 2 221.8
1 2018 274 3 222.2
1 2018 275 3 222.2
1 2018 276 3 222.7
1 2018 277 3 225.7
1 2018 278 3 225.7
1 2018 282 3 225.7
1 2018 283 3 225.7
1 2018 284 3 228.3
1 2018 285 3 228.3
1 2018 288 3 227.8
1 2018 289 3 229.2
1 2018 290 3 226.5
1 2018 291 3 228.7
1 2018 292 3 229.6
1 2018 295 3 231.7
1 2018 296 3 231.7
1 2018 297 3 232.8
1 2018 298 3 234.0
1 2018 299 3 234.0
1 2018 302 3 231.2
1 2018 303 3 232.0
1 2018 304 3 232.0
1 2018 305 3 234.9
1 2018 306 3 234.9
1 2018 309 3 237.5
1 2018 310 3 238.5
1 2018 311 3 239.0
1 2018 312 3 239.5
1 2018 313 3 241.0
1 2018 317 3 241.0
1 2018 318 3 241.0
1 2018 319 3 243.7
1 2018 320 3 243.7
1 2018 323 3 243.6
1 2018 324 3 243.6
1 2018 325 3 242.5
1 2018 327 3 245.0
1 2018 330 3 245.6
1 2018 331 3 243.7
1 2018 332 3 243.7
1 2018 333 3 245.6
1 2018 334 3 245.6
1 2018 337 3 246.1
1 2018 338 3 246.8
1 2018 339 3 249.5
1 2018 340 3 251.6
1 2018 341 3 249.9
1 2018 344 3 250.0
1 2018 345 3 250.0
1 2018 346 3 249.6
1 2018 347 3 252.0
1 2018 348 3 254.5
1 2018 351 3 254.5
1 2018 352 3 255.2
1 2018 353 3 256.0
1 2018 354 3 257.0
1 2018 355 3 256.0
1 2018 358 3 255.8
1 2018 360 3 252.8
1 2018 361 3 253.1
1 2018 362 3 253.1
1 2018 365 3 254.2
1 2019   2 0 255.4
1 2019   3 0 255.4
1 2019   4 0 258.3
1 2019   7 0 258.7
1 2019   8 0 258.7
1 2019   9 0 258.2
1 2019  10 0 258.3
1 2019  11 0 257.8
1 2019  14 0 256.4
1 2019  15 0 258.4
1 2019  16 0 258.4
1 2019  17 0 258.4
1 2019  18 0 258.4
1 2019  22 0 260.8
1 2019  23 0 259.0
1 2019  24 0 259.0
1 2019  25 0 259.0
1 2019  28 0 259.0
1 2019  29 0 261.2
1 2019  30 0 261.2
1 2019  31 0 261.2
1 2019  32 0 261.2
1 2019  35 0 259.8
1 2019  36 0 259.8
1 2019  37 0 258.9
1 2019  38 0 259.4
1 2019  39 0 259.1
1 2019  42 0 258.8
1 2019  43 0 259.2
1 2019  44 0 258.0
1 2019  45 0 260.6
1 2019  46 0 260.4
1 2019  50 0 263.1
1 2019  51 0 263.1
1 2019  52 0 263.6
1 2019  53 0 263.6
1 2019  56 0 263.6
1 2019  57 0 266.0
1 2019  58 0 266.0
1 2019  59 0 268.3
1 2019  60 0 268.3
1 2019  63 0 270.0
1 2019  64 0 272.2
1 2019  65 0 271.2
1 2019  66 0 270.1
1 2019  67 0 270.1
1 2019  70 0 270.2
1 2019  71 0 270.8
1 2019  72 0 271.1
1 2019  73 0 269.5
1 2019  74 0 269.5
1 2019  77 0 269.5
1 2019  78 0 267.4
1 2019  79 0 268.0
1 2019  80 0 268.0
1 2019  81 0 269.3
1 2019  84 0 268.2
1 2019  85 0 265.4
1 2019  86 0 265.4
1 2019  87 0 265.7
1 2019  88 0 265.2
1 2019  91 1 265.2
1 2019  92 1 262.7
1 2019  93 1 263.0
1 2019  94 1 260.0
1 2019  95 1 261.5
1 2019  98 1 263.7
1 2019  99 1 266.3
1 2019 100 1 264.6
1 2019 101 1 263.6
1 2019 102 1 262.0
1 2019 105 1 263.6
1 2019 106 1 266.2
1 2019 107 1 268.1
1 2019 108 1 266.9
1 2019 109 1 267.8
1 2019 112 1 265.8
1 2019 113 1 264.4
1 2019 114 1 262.3
1 2019 115 1 260.7
1 2019 116 1 260.7
1 2019 119 1 260.7
1 2019 120 1 259.6
1 2019 121 1 261.9
1 2019 122 1 260.5
1 2019 123 1 260.5
1 2019 126 1 262.4
1 2019 127 1 262.6
1 2019 128 1 260.5
1 2019 129 1 260.9
1 2019 130 1 260.0
1 2019 133 1 261.8
1 2019 134 1 260.3
1 2019 135 1 258.0
1 2019 136 1 255.7
1 2019 137 1 256.9
1 2019 140 1 257.4
1 2019 141 1 254.9
1 2019 142 1 254.9
1 2019 143 1 254.9
1 2019 144 1 252.7
1 2019 148 1 252.7
1 2019 149 1 251.1
1 2019 150 1 249.3
1 2019 151 1 249.9
1 2019 154 1 249.9
1 2019 155 1 251.6
1 2019 156 1 251.6
1 2019 157 1 254.5
1 2019 158 1 255.4
1 2019 161 1 255.4
1 2019 162 1 255.4
1 2019 163 1 255.4
1 2019 164 1 255.9
1 2019 165 1 257.0
1 2019 168 1 259.9
1 2019 169 1 259.9
1 2019 170 1 258.2
1 2019 171 1 258.3
1 2019 172 1 260.5
1 2019 175 1 259.7
1 2019 176 1 262.3
1 2019 177 1 261.1
1 2019 178 1 263.4
1 2019 179 1 263.4
1 2019 182 2 263.6
1 2019 183 2 263.6
1 2019 184 2 265.2
1 2019 186 2 266.6
1 2019 189 2 267.4
1 2019 190 2 268.5
1 2019 191 2 267.6
1 2019 192 2 269.8
1 2019 193 2 272.1
1 2019 196 2 272.1
1 2019 197 2 269.9
1 2019 198 2 272.3
1 2019 199 2 273.1
1 2019 200 2 275.7
1 2019 203 2 274.4
1 2019 204 2 273.3
1 2019 205 2 273.3
1 2019 206 2 275.8
1 2019 207 2 274.6
1 2019 210 2 275.9
1 2019 211 2 278.0
1 2019 212 2 277.6
1 2019 213 2 278.7
1 2019 214 2 278.5
1 2019 217 2 278.0
1 2019 218 2 278.0
1 2019 219 2 279.3
1 2019 220 2 281.7
1 2019 221 2 281.7
1 2019 224 2 279.2
1 2019 225 2 279.2
1 2019 226 2 279.2
1 2019 227 2 279.6
1 2019 228 2 279.6
1 2019 231 2 279.6
1 2019 232 2 279.8
1 2019 233 2 279.8
1 2019 234 2 281.6
1 2019 235 2 281.3
1 2019 238 2 282.5
1 2019 239 2 282.5
1 2019 240 2 281.4
1 2019 241 2 281.9
1 2019 242 2 284.3
1 2019 246 2 282.9
1 2019 247 2 283.4
1 2019 248 2 286.2
1 2019 249 2 283.5
1 2019 252 2 281.6
1 2019 253 2 279.3
1 2019 254 2 279.7
1 2019 255 2 280.7
1 2019 256 2 280.7
1 2019 259 2 278.8
1 2019 260 2 278.8
1 2019 261 2 280.2
1 2019 262 2 283.2
1 2019 263 2 280.3
1 2019 266 2 280.3
1 2019 267 2 279.1
1 2019 268 2 278.7
1 2019 269 2 278.8
1 2019 270 2 279.8
1 2019 273 2 280.8
1 2019 274 3 282.9
1 2019 275 3 284.7
1 2019 276 3 285.0
1 2019 277 3 287.4
1 2019 280 3 285.6
1 2019 281 3 285.6
1 2019 282 3 285.4
1 2019 283 3 286.6
1 2019 284 3 285.3
1 2019 288 3 285.9
1 2019 289 3 286.0
1 2019 290 3 286.0
1 2019 291 3 288.2
1 2019 294 3 287.5
1 2019 295 3 287.5
1 2019 296 3 289.1
1 2019 297 3 290.5
1 2019 298 3 291.1
1 2019 301 3 290.9
1 2019 302 3 292.1
1 2019 303 3 290.5
1 2019 304 3 291.2
1 2019 305 3 291.2
1 2019 308 3 290.0
1 2019 309 3 292.5
1 2019 310 3 293.6
1 2019 311 3 294.4
1 2019 312 3 294.4
1 2019 316 3 295.7
1 2019 317 3 295.7
1 2019 318 3 297.8
1 2019 319 3 300.0
1 2019 322 3 302.8
1 2019 323 3 302.8
1 2019 324 3 302.8
1 2019 325 3 305.2
1 2019 326 3 304.4
1 2019 329 3 303.5
1 2019 330 3 305.2
1 2019 331 3 305.2
1 2019 333 3 304.0
1 2019 336 3 304.4
1 2019 337 3 304.4
1 2019 338 3 304.4
1 2019 339 3 306.4
1 2019 340 3 308.3
1 2019 343 3 307.8
1 2019 344 3 306.9
1 2019 345 3 308.8
1 2019 346 3 310.3
1 2019 347 3 311.8
1 2019 350 3 311.8
1 2019 351 3 312.7
1 2019 352 3 312.6
1 2019 353 3 314.9
1 2019 354 3 313.3
1 2019 357 3 313.2
1 2019 358 3 313.2
1 2019 360 3 313.9
1 2019 361 3 313.9
1 2019 364 3 314.2
1 2019 365 3 313.5
1 2020   2 0 313.5
1 2020   3 0 313.5
1 2020   6 0 313.5
1 2020   7 0 310.6
1 2020   8 0 310.7
1 2020   9 0 310.7
1 2020  10 0 312.7
1 2020  13 0 312.7
1 2020  14 0 315.5
1 2020  15 0 313.6
1 2020  16 0 311.7
1 2020  17 0 311.7
1 2020  21 0 311.7
1 2020  22 0 311.0
1 2020  23 0 308.3
1 2020  24 0 310.7
1 2020  27 0 312.7
1 2020  28 0 313.6
1 2020  29 0 314.5
1 2020  30 0 313.3
1 2020  31 0 315.3
1 2020  34 0 314.7
1 2020  35 0 313.5
1 2020  36 0 313.5
1 2020  37 0 315.9
1 2020  38 0 318.1
1 2020  41 0 317.1
1 2020  42 0 317.1
1 2020  43 0 317.1
1 2020  44 0 317.1
1 2020  45 0 318.3
1 2020  49 0 316.2
1 2020  50 0 316.2
1 2020  51 0 314.9
1 2020  52 0 314.9
1 2020  55 0 316.4
1 2020  56 0 316.4
1 2020  57 0 317.4
1 2020  58 0 316.2
1 2020  59 0 316.9
1 2020  62 0 316.9
1 2020  63 0 319.7
1 2020  64 0 319.7
1 2020  65 0 317.2
1 2020  66 0 317.2
1 2020  69 0 316.5
1 2020  70 0 319.4
1 2020  71 0 319.4
1 2020  72 0 320.7
1 2020  73 0 322.1
1 2020  76 0 323.0
1 2020  77 0 321.4
1 2020  78 0 321.4
1 2020  79 0 320.2
1 2020  80 0 318.5
1 2020  83 0 319.0
1 2020  84 0 316.6
1 2020  85 0 317.3
1 2020  86 0 314.6
1 2020  87 0 314.6
1 2020  90 0 314.6
1 2020  91 0 315.2
1 2020  92 1 315.6
1 2020  93 1 315.6
1 2020  94 1 313.4
1 2020  97 1 311.7
1 2020  98 1 311.7
1 2020  99 1 311.9
1 2020 100 1 312.7
1 2020 101 1 312.0
1 2020 104 1 310.8
1 2020 105 1 310.0
1 2020 106 1 308.6
1 2020 107 1 308.6
1 2020 108 1 311.5
1 2020 111 1 310.7
1 2020 112 1 308.7
1 2020 113 1 308.7
1 2020 114 1 308.7
1 2020 115 1 307.9
1 2020 118 1 310.6
1 2020 119 1 307.7
1 2020 120 1 305.0
1 2020 121 1 307.1
1 2020 122 1 307.1
1 2020 125 1 306.2
1 2020 126 1 308.8
1 2020 127 1 310.3
1 2020 128 1 311.3
1 2020 129 1 313.5
1 2020 132 1 314.9
1 2020 133 1 313.6
1 2020 134 1 313.6
1 2020 135 1 315.3
1 2020 136 1 313.4
1 2020 139 1 310.9
1 2020 140 1 313.0
1 2020 141 1 311.1
1 2020 142 1 312.8
1 2020 143 1 312.7
1 2020 147 1 313.4
1 2020 148 1 316.1
1 2020 149 1 316.1
1 2020 150 1 316.1
1 2020 153 1 316.1
1 2020 154 1 319.1
1 2020 155 1 319.1
1 2020 156 1 320.4
1 2020 157 1 320.4
1 2020 160 1 318.0
1 2020 161 1 316.1
1 2020 162 1 316.1
1 2020 163 1 318.4
1 2020 164 1 318.4
1 2020 167 1 317.0
1 2020 168 1 316.0
1 2020 169 1 313.6
1 2020 170 1 315.0
1 2020 171 1 312.5
1 2020 174 1 312.3
1 2020 175 1 314.8
1 2020 176 1 316.8
1 2020 177 1 316.8
1 2020 178 1 317.4
1 2020 181 1 319.8
1 2020 182 1 321.9
1 2020 183 2 319.3
1 2020 184 2 322.1
1 2020 188 2 322.1
1 2020 189 2 323.6
1 2020 190 2 324.7
1 2020 191 2 327.5
1 2020 192 2 328.6
1 2020 195 2 328.3
1 2020 196 2 326.4
1 2020 197 2 325.7
1 2020 198 2 326.9
1 2020 199 2 326.1
1 2020 202 2 326.1
1 2020 203 2 326.9
1 2020 204 2 329.4
1 2020 205 2 332.2
1 2020 206 2 332.2
1 2020 209 2 332.2
1 2020 210 2 331.0
1 2020 211 2 328.4
1 2020 212 2 329.4
1 2020 213 2 326.6
1 2020 216 2 324.2
1 2020 217 2 324.3
1 2020 218 2 326.6
1 2020 219 2 328.8
1 2020 220 2 330.5
1 2020 223 2 330.5
1 2020 224 2 331.6
1 2020 225 2 333.1
1 2020 226 2 335.2
1 2020 227 2 335.5
1 2020 230 2 335.5
1 2020 231 2 335.5
1 2020 232 2 335.5
1 2020 233 2 336.3
1 2020 234 2 336.1
1 2020 237 2 335.7
1 2020 238 2 337.1
1 2020 239 2 335.2
1 2020 240 2 337.0
1 2020 241 2 336.0
1 2020 244 2 337.3
1 2020 245 2 336.2
1 2020 246 2 334.1
1 2020 247 2 336.7
1 2020 248 2 339.6
1 2020 252 2 342.3
1 2020 253 2 342.3
1 2020 254 2 342.6
1 2020 255 2 345.1
1 2020 258 2 344.1
1 2020 259 2 346.9
1 2020 260 2 348.7
1 2020 261 2 350.9
1 2020 262 2 350.9
1 2020 265 2 347.9
1 2020 266 2 349.9
1 2020 267 2 347.5
1 2020 268 2 348.9
1 2020 269 2 347.0
1 2020 272 2 347.0
1 2020 273 2 350.0
1 2020 274 2 349.3
1 2020 275 3 352.1
1 2020 276 3 354.1
1 2020 279 3 354.5
1 2020 280 3 353.4
1 2020 281 3 351.7
1 2020 282 3 354.2
1 2020 283 3 353.2
1 2020 287 3 350.6
1 2020 288 3 349.9
1 2020 289 3 350.0
1 2020 290 3 348.1
1 2020 293 3 348.1
1 2020 294 3 348.1
1 2020 295 3 348.1
1 2020 296 3 350.1
1 2020 297 3 347.1
1 2020 300 3 347.1
1 2020 301 3 349.2
1 2020 302 3 347.6
1 2020 303 3 348.4
1 2020 304 3 348.4
1 2020 307 3 346.6
1 2020 308 3 345.0
1 2020 309 3 345.1
1 2020 310 3 346.1
1 2020 311 3 346.6
1 2020 314 3 346.6
1 2020 315 3 346.6
1 2020 317 3 348.3
1 2020 318 3 346.2
1 2020 321 3 348.2
1 2020 322 3 348.2
1 2020 323 3 348.4
1 2020 324 3 348.9
1 2020 325 3 347.2
1 2020 328 3 349.4
1 2020 329 3 347.7
1 2020 330 3 347.7
1 2020 332 3 348.3
1 2020 335 3 349.2
1 2020 336 3 349.5
1 2020 337 3 349.2
1 2020 338 3 350.4
1 2020 339 3 350.4
1 2020 342 3 350.4
1 2020 343 3 348.8
1 2020 344 3 350.8
1 2020 345 3 352.6
1 2020 346 3 352.6
1 2020 349 3 350.8
1 2020 350 3 350.8
1 2020 351 3 352.1
1 2020 352 3 352.6
1 2020 353 3 351.6
1 2020 356 3 351.6
1 2020 357 3 352.8
1 2020 358 3 352.8
1 2020 359 3 355.6
1 2020 363 3 354.6
1 2020 364 3 356.1
1 2020 365 3 356.1
1 2020 366 3 356.8
1 2021   4 0 358.4
1 2021   5 0 357.0
1 2021   6 0 359.6
1 2021   7 0 357.7
1 2021   8 0 360.0
1 2021  11 0 358.7
1 2021  12 0 357.1
1 2021  13 0 359.3
1 2021  14 0 362.1
1 2021  15 0 362.1
1 2021  19 0 362.1
1 2021  20 0 362.1
1 2021  21 0 361.3
1 2021  22 0 361.3
1 2021  25 0 360.3
1 2021  26 0 360.5
1 2021  27 0 362.4
1 2021  28 0 359.6
1 2021  29 0 359.6
1 2021  32 0 357.2
1 2021  33 0 357.3
1 2021  34 0 357.3
1 2021  35 0 357.3
1 2021  36 0 358.3
1 2021  39 0 356.9
1 2021  40 0 356.9
1 2021  41 0 357.3
1 2021  42 0 360.3
1 2021  43 0 360.7
1 2021  47 0 359.4
1 2021  48 0 357.3
1 2021  49 0 357.9
1 2021  50 0 355.7
1 2021  53 0 355.7
1 2021  54 0 356.4
1 2021  55 0 353.4
1 2021  56 0 355.5
1 2021  57 0 355.5
1 2021  60 0 355.9
1 2021  61 0 356.5
1 2021  62 0 356.5
1 2021  63 0 356.5
1 2021  64 0 357.8
1 2021  67 0 358.4
1 2021  68 0 356.0
1 2021  69 0 356.3
1 2021  70 0 355.3
1 2021  71 0 357.5
1 2021  74 0 356.3
1 2021  75 0 353.9
1 2021  76 0 356.8
1 2021  77 0 356.7
1 2021  78 0 353.7
1 2021  81 0 352.7
1 2021  82 0 351.5
1 2021  83 0 351.5
1 2021  84 0 353.1
1 2021  85 0 355.4
1 2021  88 0 358.3
1 2021  89 0 358.3
1 2021  90 0 359.1
1 2021  91 1 359.1
1 2021  92 1 359.1
1 2021  95 1 359.1
1 2021  96 1 358.5
1 2021  97 1 356.3
1 2021  98 1 356.4
1 2021  99 1 353.9
1 2021 102 1 353.9
1 2021 103 1 353.9
1 2021 104 1 353.6
1 2021 105 1 353.6
1 2021 106 1 351.7
1 2021 109 1 353.4
1 2021 110 1 352.7
1 2021 111 1 352.7
1 2021 112 1 350.9
1 2021 113 1 353.3
1 2021 116 1 352.1
1 2021 117 1 352.4
1 2021 118 1 350.5
1 2021 119 1 351.5
1 2021 120 1 350.1
1 2021 123 1 351.4
1 2021 124 1 352.1
1 2021 125 1 354.4
1 2021 126 1 353.2
1 2021 127 1 353.2
1 2021 130 1 351.6
1 2021 131 1 348.7
1 2021 132 1 346.3
1 2021 133 1 346.3
1 2021 134 1 348.7
1 2021 137 1 350.0
1 2021 138 1 350.0
1 2021 139 1 350.0
1 2021 140 1 351.0
1 2021 141 1 349.8
1 2021 144 1 352.2
1 2021 145 1 350.9
1 2021 146 1 351.3
1 2021 147 1 348.4
1 2021 148 1 348.4
1 2021 152 1 345.9
1 2021 153 1 346.2
1 2021 154 1 346.3
1 2021 155 1 348.4
1 2021 158 1 348.4
1 2021 159 1 347.4
1 2021 160 1 350.2
1 2021 161 1 350.5
1 2021 162 1 350.9
1 2021 165 1 352.7
1 2021 166 1 352.7
1 2021 167 1 352.7
1 2021 168 1 353.8
1 2021 172 1 354.5
1 2021 173 1 354.5
1 2021 174 1 354.0
1 2021 175 1 356.5
1 2021 176 1 356.1
1 2021 179 1 356.2
1 2021 180 1 356.2
1 2021 181 1 356.2
1 2021 182 2 357.2
1 2021 183 2 359.5
1 2021 187 2 357.8
1 2021 188 2 357.8
1 2021 189 2 358.2
1 2021 190 2 356.5
1 2021 193 2 356.5
1 2021 194 2 353.9
1 2021 195 2 352.1
1 2021 196 2 354.7
1 2021 197 2 354.3
1 2021 200 2 354.3
1 2021 201 2 355.2
1 2021 202 2 354.9
1 2021 203 2 356.6
1 2021 204 2 356.6
1 2021 207 2 355.1
1 2021 208 2 355.1
1 2021 209 2 352.7
1 2021 210 2 353.6
1 2021 211 2 355.9
1 2021 214 2 355.9
1 2021 215 2 355.3
1 2021 216 2 353.8
1 2021 217 2 354.3
1 2021 218 2 354.4
1 2021 221 2 354.4
1 2021 222 2 352.1
1 2021 223 2 352.1
1 2021 224 2 352.1
1 2021 225 2 350.4
1 2021 228 2 350.8
1 2021 229 2 350.8
1 2021 230 2 350.8
1 2021 231 2 353.5
1 2021 232 2 353.5
1 2021 235 2 351.1
1 2021 236 2 352.2
1 2021 237 2 349.8
1 2021 238 2 352.0
1 2021 239 2 352.0
1 2021 242 2 353.2
1 2021 243 2 350.8
1 2021 244 2 348.5
1 2021 245 2 350.1
1 2021 246 2 351.7
1 2021 250 2 348.9
1 2021 251 2 350.6
1 2021 252 2 352.3
1 2021 253 2 354.7
1 2021 256 2 354.7
1 2021 257 2 353.6
1 2021 258 2 353.6
1 2021 259 2 356.2
1 2021 260 2 358.9
1 2021 263 2 360.2
1 2021 264 2 359.9
1 2021 265 2 359.9
1 2021 266 2 362.7
1 2021 267 2 362.7
1 2021 270 2 362.7
1 2021 271 2 361.1
1 2021 272 2 359.6
1 2021 273 2 361.0
1 2021 274 3 361.0
1 2021 277 3 361.0
1 2021 278 3 361.0
1 2021 279 3 360.7
1 2021 280 3 360.8
1 2021 281 3 363.2
1 2021 285 3 362.3
1 2021 286 3 360.0
1 2021 287 3 360.3
1 2021 288 3 358.3
1 2021 291 3 358.9
1 2021 292 3 360.8
1 2021 293 3 357.9
1 2021 294 3 359.6
1 2021 295 3 361.4
1 2021 298 3 361.4
1 2021 299 3 360.1
1 2021 300 3 362.5
1 2021 301 3 362.7
1 2021 302 3 364.8
1 2021 305 3 363.2
1 2021 306 3 363.2
1 2021 307 3 363.6
1 2021 308 3 364.7
1 2021 309 3 362.6
1 2021 312 3 362.6
1 2021 313 3 362.6
1 2021 314 3 364.1
1 2021 316 3 363.2
1 2021 319 3 363.2
1 2021 320 3 363.7
1 2021 321 3 360.8
1 2021 322 3 362.9
1 2021 323 3 363.6
1 2021 326 3 363.6
1 2021 327 3 362.1
1 2021 328 3 362.1
1 2021 330 3 363.6
1 2021 333 3 366.5
1 2021 334 3 366.5
1 2021 335 3 366.5
1 2021 336 3 369.5
1 2021 337 3 371.7
1 2021 340 3 372.0
1 2021 341 3 372.2
1 2021 342 3 372.2
1 2021 343 3 374.0
1 2021 344 3 375.5
1 2021 347 3 377.9
1 2021 348 3 379.8
1 2021 349 3 379.8
1 2021 350 3 382.3
1 2021 351 3 381.3
1 2021 354 3 381.3
1 2021 355 3 380.1
1 2021 356 3 380.1
1 2021 357 3 382.4
1 2021 361 3 381.3
1 2021 362 3 382.5
1 2021 363 3 383.1
1 2021 364 3 386.0
1 2022   3 0 386.0
1 2022   4 0 388.9
1 2022   5 0 387.4
1 2022   6 0 389.0
1 2022   7 0 388.5
1 2022  10 0 391.5
1 2022  11 0 390.4
1 2022  12 0 388.9
1 2022  13 0 388.9
1 2022  14 0 387.6
1 2022  18 0 385.4
1 2022  19 0 383.8
1 2022  20 0 386.5
1 2022  21 0 388.1
1 2022  24 0 388.1
1 2022  25 0 386.6
1 2022  26 0 384.0
1 2022  27 0 384.9
1 2022  28 0 384.9
1 2022  31 0 384.9
1 2022  32 0 383.5
1 2022  33 0 383.5
1 2022  34 0 386.4
1 2022  35 0 386.8
1 2022  38 0 384.0
1 2022  39 0 384.0
1 2022  40 0 384.1
1 2022  41 0 382.1
1 2022  42 0 382.1
1 2022  45 0 384.8
1 2022  46 0 382.9
1 2022  47 0 382.9
1 2022  48 0 382.9
1 2022  49 0 382.0
1 2022  53 0 382.8
1 2022  54 0 384.4
1 2022  55 0 387.2
1 2022  56 0 388.1
1 2022  59 0 390.3
1 2022  60 0 392.8
1 2022  61 0 390.2
1 2022  62 0 389.9
1 2022  63 0 389.9
1 2022  66 0 389.9
1 2022  67 0 387.3
1 2022  68 0 390.3
1 2022  69 0 390.3
1 2022  70 0 392.2
1 2022  73 0 394.0
1 2022  74 0 394.1
1 2022  75 0 392.1
1 2022  76 0 394.3
1 2022  77 0 395.3
1 2022  80 0 398.3
1 2022  81 0 396.5
1 2022  82 0 399.2
1 2022  83 0 400.7
1 2022  84 0 398.2
1 2022  87 0 398.2
1 2022  88 0 399.3
1 2022  89 0 399.3
1 2022  90 0 397.0
1 2022  91 1 396.3
1 2022  94 1 396.3
1 2022  95 1 393.6
1 2022  96 1 394.8
1 2022  97 1 393.4
1 2022  98 1 393.4
1 2022 101 1 392.2
1 2022 102 1 393.8
1 2022 103 1 391.6
1 2022 104 1 392.6
1 2022 105 1 389.6
1 2022 108 1 392.3
1 2022 109 1 391.9
1 2022 110 1 391.3
1 2022 111 1 388.6
1 2022 112 1 389.6
1 2022 115 1 390.7
1 2022 116 1 390.7
1 2022 117 1 390.7
1 2022 118 1 391.1
1 2022 119 1 391.1
1 2022 122 1 391.7
1 2022 123 1 391.7
1 2022 124 1 391.7
1 2022 125 1 391.8
1 2022 126 1 391.4
1 2022 129 1 393.3
1 2022 130 1 393.3
1 2022 131 1 393.5
1 2022 132 1 394.0
1 2022 133 1 394.9
1 2022 136 1 394.9
1 2022 137 1 394.9
1 2022 138 1 394.9
1 2022 139 1 397.2
1 2022 140 1 397.2
1 2022 143 1 397.2
1 2022 144 1 397.2
1 2022 145 1 396.5
1 2022 146 1 394.6
1 2022 147 1 394.6
1 2022 151 1 396.8
1 2022 152 1 396.8
1 2022 153 1 396.9
1 2022 154 1 396.8
1 2022 157 1 396.9
1 2022 158 1 394.1
1 2022 159 1 394.1
1 2022 160 1 394.9
1 2022 161 1 396.1
1 2022 164 1 396.1
1 2022 165 1 395.3
1 2022 166 1 397.1
1 2022 167 1 400.0
1 2022 168 1 400.0
1 2022 172 1 399.3
1 2022 173 1 396.8
1 2022 174 1 397.3
1 2022 175 1 397.3
1 2022 178 1 396.5
1 2022 179 1 394.9
1 2022 180 1 397.4
1 2022 181 1 400.1
1 2022 182 2 398.7
1 2022 186 2 398.7
1 2022 187 2 396.2
1 2022 188 2 398.4
1 2022 189 2 398.4
1 2022 192 2 398.4
1 2022 193 2 398.4
1 2022 194 2 398.5
1 2022 195 2 401.5
1 2022 196 2 401.5
1 2022 199 2 401.5
1 2022 200 2 401.8
1 2022 201 2 402.9
1 2022 202 2 403.1
1 2022 203 2 402.5
1 2022 206 2 402.1
1 2022 207 2 401.1
1 2022 208 2 398.2
1 2022 209 2 399.1
1 2022 210 2 399.6
1 2022 213 2 398.4
1 2022 214 2 398.9
1 2022 215 2 396.3
1 2022 216 2 398.7
1 2022 217 2 398.7
1 2022 220 2 396.5
1 2022 221 2 395.2
1 2022 222 2 395.2
1 2022 223 2 397.6
1 2022 224 2 396.0
1 2022 227 2 393.1
1 2022 228 2 392.9
1 2022 229 2 393.2
1 2022 230 2 395.0
1 2022 231 2 396.3
1 2022 234 2 398.6
1 2022 235 2 397.1
1 2022 236 2 395.4
1 2022 237 2 397.4
1 2022 238 2 394.8
1 2022 241 2 394.8
1 2022 242 2 395.8
1 2022 243 2 395.8
1 2022 244 2 398.7
1 2022 245 2 395.8
1 2022 249 2 397.9
1 2022 250 2 398.4
1 2022 251 2 399.4
1 2022 252 2 399.4
1 2022 255 2 396.7
1 2022 256 2 397.4
1 2022 257 2 397.4
1 2022 258 2 399.4
1 2022 259 2 402.3
1 2022 262 2 402.3
1 2022 263 2 402.8
1 2022 264 2 400.6
1 2022 265 2 403.5
1 2022 266 2 403.5
1 2022 269 2 403.5
1 2022 270 2 404.4
1 2022 271 2 404.4
1 2022 272 2 405.8
1 2022 273 2 405.8
1 2022 276 3 405.8
1 2022 277 3 405.8
1 2022 278 3 405.8
1 2022 279 3 406.5
1 2022 280 3 405.4
1 2022 284 3 405.4
1 2022 285 3 408.3
1 2022 286 3 408.4
1 2022 287 3 408.4
1 2022 290 3 408.6
1 2022 291 3 408.6
1 2022 292 3 407.6
1 2022 293 3 408.1
1 2022 294 3 405.5
1 2022 297 3 407.3
1 2022 298 3 409.1
1 2022 299 3 409.1
1 2022 300 3 410.1
1 2022 301 3 410.1
1 2022 304 3 410.6
1 2022 305 3 410.5
1 2022 306 3 410.0
1 2022 307 3 412.5
1 2022 308 3 413.9
1 2022 311 3 416.3
1 2022 312 3 414.4
1 2022 313 3 413.6
1 2022 314 3 413.8
1 2022 318 3 413.8
1 2022 319 3 413.8
1 2022 320 3 413.8
1 2022 321 3 415.1
1 2022 322 3 413.2
1 2022 325 3 414.6
1 2022 326 3 415.6
1 2022 327 3 414.4
1 2022 329 3 416.1
1 2022 332 3 416.3
1 2022 333 3 413.3
1 2022 334 3 413.3
1 2022 335 3 414.2
1 2022 336 3 411.3
1 2022 339 3 412.0
1 2022 340 3 412.4
1 2022 341 3 412.4
1 2022 342 3 415.2
1 2022 343 3 414.7
1 2022 346 3 414.7
1 2022 347 3 415.7
1 2022 348 3 417.9
1 2022 349 3 419.1
1 2022 350 3 421.1
1 2022 353 3 421.1
1 2022 354 3 419.0
1 2022 355 3 419.0
1 2022 356 3 421.3
1 2022 357 3 421.3
1 2022 361 3 421.3
1 2022 362 3 420.0
1 2022 363 3 422.7
1 2022 364 3 424.4
1 2023   3 0 422.4
1 2023   4 0 421.8
1 2023   5 0 420.1
1 2023   6 0 419.8
1 2023   9 0 422.8
1 2023  10 0 423.3
1 2023  11 0 425.5
1 2023  12 0 424.7
1 2023  13 0 424.7
1 2023  17 0 426.6
1 2023  18 0 426.6
1 2023  19 0 425.3
1 2023  20 0 423.4
1 2023  23 0 426.3
1 2023  24 0 423.8
1 2023  25 0 423.8
1 2023  26 0 423.8
1 2023  27 0 423.8
1 2023  30 0 423.8
1 2023  31 0 423.8
1 2023  32 0 422.9
1 2023  33 0 421.8
1 2023  34 0 421.8
1 2023  37 0 424.2
1 2023  38 0 424.2
1 2023  39 0 426.6
1 2023  40 0 428.7
1 2023  41 0 427.2
1 2023  44 0 424.9
1 2023  45 0 424.2
1 2023  46 0 425.2
1 2023  47 0 426.3
1 2023  48 0 427.2
1 2023  52 0 428.3
1 2023  53 0 426.2
1 2023  54 0 424.7
1 2023  55 0 424.7
1 2023  58 0 422.4
1 2023  59 0 424.8
1 2023  60 0 424.8
1 2023  61 0 424.8
1 2023  62 0 425.2
1 2023  65 0 425.4
1 2023  66 0 425.4
1 2023  67 0 424.7
1 2023  68 0 423.1
1 2023  69 0 422.7
1 2023  72 0 424.4
1 2023  73 0 424.4
1 2023  74 0 423.0
1 2023  75 0 424.1
1 2023  76 0 424.1
1 2023  79 0 425.2
1 2023  80 0 425.2
1 2023  81 0 425.2
1 2023  82 0 426.1
1 2023  83 0 426.1
1 2023  86 0 428.2
1 2023  87 0 430.5
1 2023  88 0 428.9
1 2023  89 0 428.9
1 2023  90 0 429.6
1 2023  93 1 429.6
1 2023  94 1 431.0
1 2023  95 1 432.3
1 2023  96 1 431.5
1 2023  97 1 433.8
1 2023 100 1 434.9
1 2023 101 1 436.0
1 2023 102 1 434.4
1 2023 103 1 434.4
1 2023 104 1 434.9
1 2023 107 1 436.2
1 2023 108 1 436.2
1 2023 109 1 437.7
1 2023 110 1 438.2
1 2023 111 1 438.2
1 2023 114 1 440.5
1 2023 115 1 443.0
1 2023 116 1 443.0
1 2023 117 1 444.9
1 2023 118 1 445.1
1 2023 121 1 445.1
1 2023 122 1 443.5
1 2023 123 1 443.5
1 2023 124 1 443.5
1 2023 125 1 440.8
1 2023 128 1 438.5
1 2023 129 1 437.0
1 2023 130 1 438.7
1 2023 131 1 441.5
1 2023 132 1 444.0
1 2023 135 1 444.0
1 2023 136 1 444.9
1 2023 137 1 442.1
1 2023 138 1 444.5
1 2023 139 1 444.5
1 2023 142 1 442.9
1 2023 143 1 443.7
1 2023 144 1 444.1
1 2023 145 1 444.1
1 2023 146 1 444.1
1 2023 150 1 444.1
1 2023 151 1 445.6
1 2023 152 1 447.0
1 2023 153 1 446.8
1 2023 156 1 444.6
1 2023 157 1 442.1
1 2023 158 1 442.1
1 2023 159 1 443.5
1 2023 160 1 442.0
1 2023 163 1 443.2
1 2023 164 1 443.2
1 2023 165 1 443.2
1 2023 166 1 444.5
1 2023 167 1 444.5
1 2023 171 1 445.9
1 2023 172 1 444.0
1 2023 173 1 445.4
1 2023 174 1 445.4
1 2023 177 1 445.4
1 2023 178 1 444.2
1 2023 179 1 443.9
1 2023 180 1 444.0
1 2023 181 1 442.9
1 2023 184 2 442.9
1 2023 186 2 443.0
1 2023 187 2 443.9
1 2023 188 2 442.7
1 2023 191 2 445.0
1 2023 192 2 443.5
1 2023 193 2 444.5
1 2023 194 2 444.8
1 2023 195 2 444.8
1 2023 198 2 444.8
1 2023 199 2 444.1
1 2023 200 2 444.1
1 2023 201 2 447.0
1 2023 202 2 447.0
1 2023 205 2 444.4
1 2023 206 2 447.4
1 2023 207 2 448.7
1 2023 208 2 449.9
1 2023 209 2 449.9
1 2023 212 2 449.5
1 2023 213 2 450.0
1 2023 214 2 452.3
1 2023 215 2 454.6
1 2023 216 2 455.3
1 2023 219 2 457.4
1 2023 220 2 458.4
1 2023 221 2 458.4
1 2023 222 2 461.1
1 2023 223 2 463.1
1 2023 226 2 461.3
1 2023 227 2 461.9
1 2023 228 2 459.3
1 2023 229 2 461.0
1 2023 230 2 461.2
1 2023 233 2 461.2
1 2023 234 2 461.8
1 2023 235 2 463.4
1 2023 236 2 463.9
1 2023 237 2 461.7
1 2023 240 2 461.7
1 2023 241 2 460.4
1 2023 242 2 458.5
1 2023 243 2 459.3
1 2023 244 2 458.9
1 2023 248 2 458.9
1 2023 249 2 459.0
1 2023 250 2 459.8
1 2023 251 2 461.4
1 2023 254 2 461.4
1 2023 255 2 462.4
1 2023 256 2 463.8
1 2023 257 2 465.1
1 2023 258 2 465.1
1 2023 261 2 465.8
1 2023 262 2 465.4
1 2023 263 2 463.4
1 2023 264 2 465.2
1 2023 265 2 468.0
1 2023 268 2 469.2
1 2023 269 2 468.5
1 2023 270 2 468.5
1 2023 271 2 470.4
1 2023 272 2 470.4
1 2023 275 3 471.5
1 2023 276 3 471.5
1 2023 277 3 474.1
1 2023 278 3 474.3
1 2023 279 3 474.3
1 2023 283 3 474.3
1 2023 284 3 474.9
1 2023 285 3 476.8
1 2023 286 3 479.2
1 2023 289 3 479.2
1 2023 290 3 479.2
1 2023 291 3 479.1
1 2023 292 3 481.6
1 2023 293 3 481.6
1 2023 296 3 481.6
1 2023 297 3 484.4
1 2023 298 3 483.3
1 2023 299 3 483.9
1 2023 300 3 481.1
1 2023 303 3 481.1
1 2023 304 3 481.1
1 2023 305 3 483.2
1 2023 306 3 483.7
1 2023 307 3 482.5
1 2023 310 3 482.8
1 2023 311 3 482.0
1 2023 312 3 480.6
1 2023 313 3 482.3
1 2023 317 3 482.3
1 2023 318 3 482.3
1 2023 319 3 479.4
1 2023 320 3 479.6
1 2023 321 3 479.6
1 2023 324 3 480.9
1 2023 325 3 478.9
1 2023 326 3 477.5
1 2023 328 3 475.4
1 2023 331 3 473.9
1 2023 332 3 474.3
1 2023 333 3 474.8
1 2023 334 3 476.0
1 2023 335 3 477.1
1 2023 338 3 477.2
1 2023 339 3 477.7
1 2023 340 3 479.2
1 2023 341 3 480.3
1 2023 342 3 480.3
1 2023 345 3 479.0
1 2023 346 3 478.4
1 2023 347 3 478.4
1 2023 348 3 480.3
1 2023 349 3 478.6
1 2023 352 3 478.9
1 2023 353 3 478.9
1 2023 354 3 478.9
1 2023 355 3 479.3
1 2023 356 3 477.2
1 2023 360 3 477.2
1 2023 361 3 475.2
1 2023 362 3 476.1
1 2023 363 3 476.1
2 2017   3 0 100.0
2 2017   4 0 100.0
2 2017   5 0  99.9
2 2017   6 0 102.7
2 2017   9 0 103.7
2 2017  10 0 104.2
2 2017  11 0 106.4
2 2017  12 0 104.8
2 2017  13 0 104.8
2 2017  17 0 107.0
2 2017  18 0 104.7
2 2017  19 0 103.2
2 2017  20 0 103.2
2 2017  23 0 100.9
2 2017  24 0  98.8
2 2017  25 0  98.8
2 2017  26 0  96.3
2 2017  27 0  96.3
2 2017  30 0  96.3
2 2017  31 0  96.3
2 2017  32 0  98.6
2 2017  33 0  98.1
2 2017  34 0  97.5
2 2017  37 0  97.5
2 2017  38 0  98.1
2 2017  39 0  96.4
2 2017  40 0  96.4
2 2017  41 0  95.0
2 2017  44 0  95.0
2 2017  45 0  95.0
2 2017  46 0  95.3
2 2017  47 0  93.7
2 2017  48 0  93.7
2 2017  52 0  96.0
2 2017  53 0  95.8
2 2017  54 0  95.8
2 2017  55 0  95.6
2 2017  58 0  93.3
2 2017  59 0  93.3
2 2017  60 0  91.1
2 2017  61 0  91.1
2 2017  62 0  90.5
2 2017  65 0  88.1
2 2017  66 0  87.1
2 2017  67 0  89.5
2 2017  68 0  89.5
2 2017  69 0  89.5
2 2017  72 0  90.0
2 2017  73 0  90.0
2 2017  74 0  90.0
2 2017  75 0  89.8
2 2017  76 0  89.8
2 2017  79 0  89.8
2 2017  80 0  89.8
2 2017  81 0  88.2
2 2017  82 0  88.2
2 2017  83 0  85.5
2 2017  86 0  82.7
2 2017  87 0  81.8
2 2017  88 0  79.2
2 2017  89 0  81.8
2 2017  90 0  83.7
2 2017  93 1  83.7
2 2017  94 1  82.0
2 2017  95 1  80.2
2 2017  96 1  79.2
2 2017  97 1  77.4
2 2017 100 1  77.4
2 2017 101 1  77.4
2 2017 102 1  77.4
2 2017 103 1  77.7
2 2017 104 1  77.7
2 2017 107 1  76.8
2 2017 108 1  77.5
2 2017 109 1  75.3
2 2017 110 1  75.3
2 2017 111 1  72.6
2 2017 114 1  72.6
2 2017 115 1  71.4
2 2017 116 1  69.2
2 2017 117 1  70.6
2 2017 118 1  70.3
2 2017 121 1  69.1
2 2017 122 1  66.5
2 2017 123 1  66.5
2 2017 124 1  64.4
2 2017 125 1  65.8
2 2017 128 1  65.5
2 2017 129 1  62.9
2 2017 130 1  65.0
2 2017 131 1  64.2
2 2017 132 1  66.6
2 2017 135 1  64.7
2 2017 136 1  64.7
2 2017 137 1  63.8
2 2017 138 1  61.0
2 2017 139 1  63.5
2 2017 142 1  63.5
2 2017 143 1  60.9
2 2017 144 1  60.4
2 2017 145 1  60.7
2 2017 146 1  60.7
2 2017 150 1  61.2
2 2017 151 1  59.7
2 2017 152 1  62.5
2 2017 153 1  62.8
2 2017 156 1  62.8
2 2017 157 1  62.8
2 2017 158 1  65.0
2 2017 159 1  65.2
2 2017 160 1  67.5
2 2017 163 1  67.5
2 2017 164 1  67.5
2 2017 165 1  67.5
2 2017 166 1  70.0
2 2017 167 1  67.3
2 2017 170 1  64.8
2 2017 171 1  67.3
2 2017 172 1  69.5
2 2017 173 1  71.2
2 2017 174 1  72.3
2 2017 177 1  72.3
2 2017 178 1  69.9
2 2017 179 1  71.3
2 2017 180 1  72.3
2 2017 181 1  72.3
2 2017 184 2  73.3
2 2017 186 2  73.3
2 2017 187 2  74.7
2 2017 188 2  73.4
2 2017 191 2  73.1
2 2017 192 2  70.2
2 2017 193 2  71.3
2 2017 194 2  72.9
2 2017 195 2  73.7
2 2017 198 2  73.7
2 2017 199 2  72.5
2 2017 200 2  72.5
2 2017 201 2  74.0
2 2017 202 2  74.0
2 2017 205 2  76.9
2 2017 206 2  76.9
2 2017 207 2  76.9
2 2017 208 2  79.9
2 2017 209 2  79.9
2 2017 212 2  77.5
2 2017 213 2  80.4
2 2017 214 2  80.3
2 2017 215 2  83.1
2 2017 216 2  86.1
2 2017 219 2  85.2
2 2017 220 2  84.9
2 2017 221 2  84.9
2 2017 222 2  86.8
2 2017 223 2  86.0
2 2017 226 2  84.6
2 2017 227 2  82.8
2 2017 228 2  82.8
2 2017 229 2  85.4
2 2017 230 2  84.0
2 2017 233 2  84.6
2 2017 234 2  84.6
2 2017 235 2  85.2
2 2017 236 2  87.7
2 2017 237 2  87.6
2 2017 240 2  85.3
2 2017 241 2  83.6
2 2017 242 2  81.9
2 2017 243 2  84.5
2 2017 244 2  83.8
2 2017 248 2  83.8
2 2017 249 2  86.2
2 2017 250 2  87.5
2 2017 251 2  87.5
2 2017 254 2  86.8
2 2017 255 2  86.5
2 2017 256 2  86.5
2 2017 257 2  87.5
2 2017 258 2  85.2
2 2017 261 2  86.2
2 2017 262 2  83.8
2 2017 263 2  81.4
2 2017 264 2  82.4
2 2017 265 2  81.3
2 2017 268 2  81.3
2 2017 269 2  83.1
2 2017 270 2  81.8
2 2017 271 2  84.5
2 2017 272 2  81.8
2 2017 275 3  79.8
2 2017 276 3  79.8
2 2017 277 3  80.0
2 2017 278 3  81.9
2 2017 279 3  82.2
2 2017 283 3  80.6
2 2017 284 3  79.1
2 2017 285 3  80.0
2 2017 286 3  78.7
2 2017 289 3  78.7
2 2017 290 3  78.0
2 2017 291 3  78.7
2 2017 292 3  81.5
2 2017 293 3  78.6
2 2017 296 3  78.6
2 2017 297 3  80.3
2 2017 298 3  80.3
2 2017 299 3  81.8
2 2017 300 3  81.8
2 2017 303 3  81.8
2 2017 304 3  79.2
2 2017 305 3  76.6
2 2017 306 3  78.0
2 2017 307 3  78.0
2 2017 310 3  78.0
2 2017 311 3  78.0
2 2017 312 3  80.3
2 2017 313 3  80.8
2 2017 317 3  80.8
2 2017 318 3  79.6
2 2017 319 3  77.9
2 2017 320 3  79.3
2 2017 321 3  77.9
2 2017 324 3  77.3
2 2017 325 3  79.5
2 2017 326 3  78.3
2 2017 328 3  78.3
2 2017 331 3  79.5
2 2017 332 3  82.4
2 2017 333 3  82.0
2 2017 334 3  84.8
2 2017 335 3  82.2
2 2017 338 3  80.3
2 2017 339 3  79.3
2 2017 340 3  79.3
2 2017 341 3  81.0
2 2017 342 3  80.7
2 2017 345 3  81.6
2 2017 346 3  82.7
2 2017 347 3  82.7
2 2017 348 3  83.0
2 2017 349 3  83.0
2 2017 352 3  81.4
2 2017 353 3  78.7
2 2017 354 3  78.7
2 2017 355 3  79.2
2 2017 356 3  80.0
2 2017 360 3  80.0
2 2017 361 3  80.9
2 2017 362 3  83.2
2 2017 363 3  80.4
2 2018   2 0  80.4
2 2018   3 0  79.0
2 2018   4 0  79.0
2 2018   5 0  79.0
2 2018   8 0  79.0
2 2018   9 0  79.0
2 2018  10 0  77.8
2 2018  11 0  78.8
2 2018  12 0  78.8
2 2018  16 0  78.8
2 2018  17 0  77.6
2 2018  18 0  74.8
2 2018  19 0  72.5
2 2018  22 0  72.5
2 2018  23 0  70.4
2 2018  24 0  68.2
2 2018  25 0  68.2
2 2018  26 0  68.3
2 2018  29 0  65.6
2 2018  30 0  66.4
2 2018  31 0  63.9
2 2018  32 0  61.1
2 2018  33 0  63.6
2 2018  36 0  66.2
2 2018  37 0  68.6
2 2018  38 0  68.6
2 2018  39 0  71.1
2 2018  40 0  71.1
2 2018  43 0  72.8
2 2018  44 0  72.5
2 2018  45 0  74.8
2 2018  46 0  74.4
2 2018  47 0  76.7
2 2018  51 0  74.0
2 2018  52 0  76.5
2 2018  53 0  76.4
2 2018  54 0  75.5
2 2018  57 0  75.5
2 2018  58 0  72.7
2 2018  59 0  72.7
2 2018  60 0  72.0
2 2018  61 0  72.0
2 2018  64 0  70.1
2 2018  65 0  71.3
2 2018  66 0  71.0
2 2018  67 0  71.0
2 2018  68 0  71.3
2 2018  71 0  73.0
2 2018  72 0  74.8
2 2018  73 0  75.0
2 2018  74 0  73.0
2 2018  75 0  73.0
2 2018  78 0  74.2
2 2018  79 0  76.0
2 2018  80 0  74.8
2 2018  81 0  74.8
2 2018  82 0  74.8
2 2018  85 0  72.0
2 2018  86 0  70.6
2 2018  87 0  70.2
2 2018  88 0  68.5
2 2018  89 0  66.8
2 2018  92 1  67.3
2 2018  93 1  67.3
2 2018  94 1  67.3
2 2018  95 1  66.2
2 2018  96 1  66.3
2 2018  99 1  69.2
2 2018 100 1  69.2
2 2018 101 1  69.5
2 2018 102 1  69.5
2 2018 103 1  69.3
2 2018 106 1  72.2
2 2018 107 1  71.8
2 2018 108 1  70.3
2 2018 109 1  70.1
2 2018 110 1  68.9
2 2018 113 1  68.8
2 2018 114 1  69.3
2 2018 115 1  66.4
2 2018 116 1  66.4
2 2018 117 1  66.4
2 2018 120 1  66.9
2 2018 121 1  67.3
2 2018 122 1  69.0
2 2018 123 1  69.0
2 2018 124 1  69.0
2 2018 127 1  67.1
2 2018 128 1  64.2
2 2018 129 1  65.3
2 2018 130 1  65.3
2 2018 131 1  65.3
2 2018 134 1  65.3
2 2018 135 1  66.7
2 2018 136 1  66.7
2 2018 137 1  67.5
2 2018 138 1  67.3
2 2018 141 1  67.3
2 2018 142 1  69.9
2 2018 143 1  69.9
2 2018 144 1  69.9
2 2018 145 1  70.9
2 2018 149 1  68.7
2 2018 150 1  65.9
2 2018 151 1  65.9
2 2018 152 1  64.8
2 2018 155 1  66.9
2 2018 156 1  66.9
2 2018 157 1  66.4
2 2018 158 1  67.9
2 2018 159 1  69.3
2 2018 162 1  70.7
2 2018 163 1  70.7
2 2018 164 1  70.3
2 2018 165 1  71.1
2 2018 166 1  71.1
2 2018 169 1  71.1
2 2018 170 1  73.9
2 2018 171 1  73.9
2 2018 172 1  74.9
2 2018 173 1  74.8
2 2018 176 1  73.9
2 2018 177 1  71.1
2 2018 178 1  71.1
2 2018 179 1  72.3
2 2018 180 1  73.5
2 2018 183 2  75.7
2 2018 184 2  78.4
2 2018 186 2  79.9
2 2018 187 2  81.3
2 2018 190 2  81.3
2 2018 191 2  79.1
2 2018 192 2  79.8
2 2018 193 2  81.4
2 2018 194 2  83.1
2 2018 197 2  82.6
2 2018 198 2  82.6
2 2018 199 2  81.0
2 2018 200 2  83.6
2 2018 201 2  86.2
2 2018 204 2  88.7
2 2018 205 2  88.7
2 2018 206 2  88.7
2 2018 207 2  89.6
2 2018 208 2  89.6
2 2018 211 2  92.2
2 2018 212 2  92.2
2 2018 213 2  89.2
2 2018 214 2  89.9
2 2018 215 2  89.8
2 2018 218 2  90.6
2 2018 219 2  87.7
2 2018 220 2  90.4
2 2018 221 2  90.7
2 2018 222 2  90.7
2 2018 225 2  90.7
2 2018 226 2  91.0
2 2018 227 2  88.5
2 2018 228 2  89.3
2 2018 229 2  90.0
2 2018 232 2  90.0
2 2018 233 2  90.0
2 2018 234 2  90.0
2 2018 235 2  91.0
2 2018 236 2  91.2
2 2018 239 2  91.2
2 2018 240 2  89.8
2 2018 241 2  91.5
2 2018 242 2  94.4
2 2018 243 2  94.4
2 2018 247 2  92.3
2 2018 248 2  93.3
2 2018 249 2  93.7
2 2018 250 2  92.1
2 2018 253 2  91.0
2 2018 254 2  91.9
2 2018 255 2  89.0
2 2018 256 2  89.5
2 2018 257 2  89.5
2 2018 260 2  88.5
2 2018 261 2  86.2
2 2018 262 2  88.7
2 2018 263 2  90.1
2 2018 264 2  92.9
2 2018 267 2  90.1
2 2018 268 2  90.1
2 2018 269 2  90.1
2 2018 270 2  92.7
2 2018 271 2  93.2
2 2018 274 3  93.2
2 2018 275 3  93.2
2 2018 276 3  93.2
2 2018 277 3  94.9
2 2018 278 3  95.7
2 2018 282 3  96.2
2 2018 283 3  96.2
2 2018 284 3  98.8
2 2018 285 3  96.6
2 2018 288 3  96.6
2 2018 289 3  95.3
2 2018 290 3  95.3
2 2018 291 3  95.8
2 2018 292 3  96.5
2 2018 295 3  96.5
2 2018 296 3  95.2
2 2018 297 3  96.5
2 2018 298 3  97.5
2 2018 299 3  99.5
2 2018 302 3  99.5
2 2018 303 3 102.1
2 2018 304 3 104.1
2 2018 305 3 105.2
2 2018 306 3 105.2
2 2018 309 3 107.8
2 2018 310 3 107.8
2 2018 311 3 109.6
2 2018 312 3 110.2
2 2018 313 3 111.7
2 2018 317 3 114.0
2 2018 318 3 114.0
2 2018 319 3 116.7
2 2018 320 3 116.7
2 2018 323 3 116.7
2 2018 324 3 119.6
2 2018 325 3 119.6
2 2018 327 3 119.6
2 2018 330 3 122.0
2 2018 331 3 119.5
2 2018 332 3 120.7
2 2018 333 3 123.6
2 2018 334 3 123.6
2 2018 337 3 121.9
2 2018 338 3 121.9
2 2018 339 3 120.7
2 2018 340 3 121.6
2 2018 341 3 122.4
2 2018 344 3 124.2
2 2018 345 3 124.2
2 2018 346 3 124.2
2 2018 347 3 126.5
2 2018 348 3 127.3
2 2018 351 3 130.1
2 2018 352 3 132.1
2 2018 353 3 129.3
2 2018 354 3 131.9
2 2018 355 3 133.3
2 2018 358 3 133.8
2 2018 360 3 134.3
2 2018 361 3 135.2
2 2018 362 3 133.6
2 2018 365 3 131.1
2 2019   2 0 129.8
2 2019   3 0 129.8
2 2019   4 0 128.8
2 2019   7 0 129.3
2 2019   8 0 128.8
2 2019   9 0 128.8
2 2019  10 0 128.8
2 2019  11 0 128.8
2 2019  14 0 131.3
2 2019  15 0 129.5
2 2019  16 0 129.0
2 2019  17 0 132.0
2 2019  18 0 134.4
2 2019  22 0 134.4
2 2019  23 0 136.3
2 2019  24 0 136.3
2 2019  25 0 136.3
2 2019  28 0 137.8
2 2019  29 0 136.9
2 2019  30 0 136.9
2 2019  31 0 136.9
2 2019  32 0 136.9
2 2019  35 0 136.1
2 2019  36 0 138.9
2 2019  37 0 138.9
2 2019  38 0 139.7
2 2019  39 0 141.0
2 2019  42 0 141.0
2 2019  43 0 141.0
2 2019  44 0 141.0
2 2019  45 0 141.0
2 2019  46 0 143.8
2 2019  50 0 143.8
2 2019  51 0 143.8
2 2019  52 0 144.7
2 2019  53 0 145.9
2 2019  56 0 145.9
2 2019  57 0 145.9
2 2019  58 0 145.9
2 2019  59 0 148.3
2 2019  60 0 150.9
2 2019  63 0 150.9
2 2019  64 0 151.5
2 2019  65 0 151.5
2 2019  66 0 149.3
2 2019  67 0 149.3
2 2019  70 0 150.6
2 2019  71 0 148.9
2 2019  72 0 146.2
2 2019  73 0 148.4
2 2019  74 0 148.4
2 2019  77 0 148.4
2 2019  78 0 149.2
2 2019  79 0 149.3
2 2019  80 0 149.3
2 2019  81 0 149.3
2 2019  84 0 149.3
2 2019  85 0 149.3
2 2019  86 0 149.3
2 2019  87 0 149.3
2 2019  88 0 149.3
2 2019  91 1 149.3
2 2019  92 1 149.3
2 2019  93 1 150.9
2 2019  94 1 151.0
2 2019  95 1 151.0
2 2019  98 1 151.0
2 2019  99 1 149.0
2 2019 100 1 150.1
2 2019 101 1 151.0
2 2019 102 1 148.4
2 2019 105 1 149.2
2 2019 106 1 149.2
2 2019 107 1 148.6
2 2019 108 1 151.1
2 2019 109 1 154.0
2 2019 112 1 154.0
2 2019 113 1 154.4
2 2019 114 1 154.4
2 2019 115 1 156.4
2 2019 116 1 158.3
2 2019 119 1 160.0
2 2019 120 1 160.0
2 2019 121 1 162.5
2 2019 122 1 164.2
2 2019 123 1 164.3
2 2019 126 1 165.3
2 2019 127 1 165.3
2 2019 128 1 165.3
2 2019 129 1 165.9
2 2019 130 1 167.9
2 2019 133 1 169.0
2 2019 134 1 169.0
2 2019 135 1 169.0
2 2019 136 1 166.4
2 2019 137 1 166.4
2 2019 140 1 163.8
2 2019 141 1 164.0
2 2019 142 1 164.0
2 2019 143 1 165.8
2 2019 144 1 165.6
2 2019 148 1 167.9
2 2019 149 1 166.9
2 2019 150 1 169.3
2 2019 151 1 169.7
2 2019 154 1 171.2
2 2019 155 1 171.2
2 2019 156 1 173.3
2 2019 157 1 173.6
2 2019 158 1 171.9
2 2019 161 1 169.3
2 2019 162 1 170.3
2 2019 163 1 170.3
2 2019 164 1 172.4
2 2019 165 1 175.4
2 2019 168 1 175.4
2 2019 169 1 176.3
2 2019 170 1 176.3
2 2019 171 1 178.3
2 2019 172 1 177.0
2 2019 175 1 179.1
2 2019 176 1 181.6
2 2019 177 1 180.9
2 2019 178 1 183.6
2 2019 179 1 182.1
2 2019 182 2 182.1
2 2019 183 2 182.1
2 2019 184 2 179.7
2 2019 186 2 180.5
2 2019 189 2 181.1
2 2019 190 2 183.6
2 2019 191 2 184.0
2 2019 192 2 185.7
2 2019 193 2 187.6
2 2019 196 2 188.8
2 2019 197 2 188.8
2 2019 198 2 189.4
2 2019 199 2 191.3
2 2019 200 2 193.9
2 2019 203 2 193.9
2 2019 204 2 195.2
2 2019 205 2 195.7
2 2019 206 2 195.7
2 2019 207 2 195.7
2 2019 210 2 196.6
2 2019 211 2 196.2
2 2019 212 2 196.2
2 2019 213 2 198.1
2 2019 214 2 199.0
2 2019 217 2 200.9
2 2019 218 2 202.2
2 2019 219 2 204.1
2 2019 220 2 205.3
2 2019 221 2 205.9
2 2019 224 2 206.3
2 2019 225 2 206.5
2 2019 226 2 206.5
2 2019 227 2 209.3
2 2019 228 2 209.6
2 2019 231 2 212.1
2 2019 232 2 212.1
2 2019 233 2 212.1
2 2019 234 2 213.7
2 2019 235 2 213.7
2 2019 238 2 213.6
2 2019 239 2 214.8
2 2019 240 2 212.5
2 2019 241 2 215.4
2 2019 242 2 215.4
2 2019 246 2 215.6
2 2019 247 2 213.3
2 2019 248 2 213.5
2 2019 249 2 213.5
2 2019 252 2 213.5
2 2019 253 2 213.5
2 2019 254 2 213.3
2 2019 255 2 213.7
2 2019 256 2 212.6
2 2019 259 2 212.6
2 2019 260 2 212.2
2 2019 261 2 213.3
2 2019 262 2 214.2
2 2019 263 2 216.7
2 2019 266 2 216.7
2 2019 267 2 217.8
2 2019 268 2 217.8
2 2019 269 2 220.0
2 2019 270 2 221.0
2 2019 273 2 220.6
2 2019 274 3 223.4
2 2019 275 3 224.1
2 2019 276 3 224.2
2 2019 277 3 225.8
2 2019 280 3 225.8
2 2019 281 3 223.0
2 2019 282 3 222.7
2 2019 283 3 223.6
2 2019 284 3 223.7
2 2019 288 3 223.7
2 2019 289 3 221.8
2 2019 290 3 223.5
2 2019 291 3 221.1
2 2019 294 3 218.7
2 2019 295 3 219.9
2 2019 296 3 221.4
2 2019 297 3 222.0
2 2019 298 3 221.8
2 2019 301 3 219.4
2 2019 302 3 220.5
2 2019 303 3 220.5
2 2019 304 3 223.0
2 2019 305 3 225.6
2 2019 308 3 226.5
2 2019 309 3 225.2
2 2019 310 3 225.2
2 2019 311 3 227.7
2 2019 312 3 229.8
2 2019 316 3 229.8
2 2019 317 3 230.8
2 2019 318 3 232.2
2 2019 319 3 234.8
2 2019 322 3 235.7
2 2019 323 3 235.7
2 2019 324 3 237.8
2 2019 325 3 238.5
2 2019 326 3 238.5
2 2019 329 3 238.7
2 2019 330 3 237.6
2 2019 331 3 237.6
2 2019 333 3 239.4
2 2019 336 3 238.6
2 2019 337 3 238.6
2 2019 338 3 241.2
2 2019 339 3 242.3
2 2019 340 3 242.3
2 2019 343 3 241.8
2 2019 344 3 241.6
2 2019 345 3 241.6
2 2019 346 3 241.8
2 2019 347 3 244.6
2 2019 350 3 244.6
2 2019 351 3 244.6
2 2019 352 3 241.8
2 2019 353 3 244.8
2 2019 354 3 245.1
2 2019 357 3 246.2
2 2019 358 3 247.1
2 2019 360 3 248.3
2 2019 361 3 248.3
2 2019 364 3 248.3
2 2019 365 3 247.5
2 2020   2 0 247.5
2 2020   3 0 249.5
2 2020   6 0 252.1
2 2020   7 0 252.1
2 2020   8 0 252.2
2 2020   9 0 252.0
2 2020  10 0 252.0
2 2020  13 0 254.2
2 2020  14 0 254.2
2 2020  15 0 254.2
2 2020  16 0 255.4
2 2020  17 0 256.8
2 2020  21 0 256.8
2 2020  22 0 259.1
2 2020  23 0 259.1
2 2020  24 0 259.1
2 2020  27 0 258.8
2 2020  28 0 261.2
2 2020  29 0 261.2
2 2020  30 0 262.5
2 2020  31 0 263.5
2 2020  34 0 265.7
2 2020  35 0 265.0
2 2020  36 0 265.0
2 2020  37 0 266.5
2 2020  38 0 266.5
2 2020  41 0 266.5
2 2020  42 0 267.5
2 2020  43 0 268.4
2 2020  44 0 270.5
2 2020  45 0 270.5
2 2020  49 0 270.5
2 2020  50 0 270.5
2 2020  51 0 270.5
2 2020  52 0 270.5
2 2020  55 0 270.5
2 2020  56 0 270.5
2 2020  57 0 270.5
2 2020  58 0 270.8
2 2020  59 0 270.8
2 2020  62 0 268.0
2 2020  63 0 268.0
2 2020  64 0 269.2
2 2020  65 0 271.5
2 2020  66 0 271.2
2 2020  69 0 271.2
2 2020  70 0 272.7
2 2020  71 0 270.6
2 2020  72 0 269.1
2 2020  73 0 269.4
2 2020  76 0 271.9
2 2020  77 0 270.9
2 2020  78 0 272.4
2 2020  79 0 272.4
2 2020  80 0 272.4
2 2020  83 0 272.9
2 2020  84 0 272.7
2 2020  85 0 274.6
2 2020  86 0 275.7
2 2020  87 0 275.7
2 2020  90 0 274.2
2 2020  91 0 275.1
2 2020  92 1 276.6
2 2020  93 1 277.7
2 2020  94 1 277.7
2 2020  97 1 277.7
2 2020  98 1 280.3
2 2020  99 1 281.2
2 2020 100 1 281.2
2 2020 101 1 281.0
2 2020 104 1 283.0
2 2020 105 1 283.2
2 2020 106 1 283.2
2 2020 107 1 283.7
2 2020 108 1 283.7
2 2020 111 1 284.6
2 2020 112 1 284.1
2 2020 113 1 284.1
2 2020 114 1 283.5
2 2020 115 1 281.7
2 2020 118 1 279.2
2 2020 119 1 277.7
2 2020 120 1 280.3
2 2020 121 1 279.2
2 2020 122 1 281.6
2 2020 125 1 283.1
2 2020 126 1 281.4
2 2020 127 1 279.5
2 2020 128 1 279.9
2 2020 129 1 277.3
2 2020 132 1 276.6
2 2020 133 1 278.8
2 2020 134 1 280.7
2 2020 135 1 281.9
2 2020 136 1 281.9
2 2020 139 1 281.1
2 2020 140 1 281.1
2 2020 141 1 281.7
2 2020 142 1 283.4
2 2020 143 1 283.4
2 2020 147 1 283.4
2 2020 148 1 283.5
2 2020 149 1 283.5
2 2020 150 1 285.1
2 2020 153 1 287.4
2 2020 154 1 287.4
2 2020 155 1 290.0
2 2020 156 1 291.5
2 2020 157 1 291.5
2 2020 160 1 291.5
2 2020 161 1 290.8
2 2020 162 1 290.8
2 2020 163 1 293.8
2 2020 164 1 293.8
2 2020 167 1 293.8
2 2020 168 1 294.0
2 2020 169 1 294.5
2 2020 170 1 295.7
2 2020 171 1 293.8
2 2020 174 1 294.4
2 2020 175 1 295.5
2 2020 176 1 296.3
2 2020 177 1 298.8
2 2020 178 1 298.8
2 2020 181 1 300.1
2 2020 182 1 298.4
2 2020 183 2 298.4
2 2020 184 2 301.2
2 2020 188 2 301.2
2 2020 189 2 301.2
2 2020 190 2 301.2
2 2020 191 2 304.1
2 2020 192 2 302.9
2 2020 195 2 300.7
2 2020 196 2 298.7
2 2020 197 2 300.9
2 2020 198 2 301.0
2 2020 199 2 302.5
2 2020 202 2 302.5
2 2020 203 2 305.4
2 2020 204 2 303.6
2 2020 205 2 306.5
2 2020 206 2 307.2
2 2020 209 2 306.0
2 2020 210 2 306.0
2 2020 211 2 304.2
2 2020 212 2 305.8
2 2020 213 2 307.4
2 2020 216 2 309.9
2 2020 217 2 309.7
2 2020 218 2 307.9
2 2020 219 2 308.2
2 2020 220 2 308.0
2 2020 223 2 306.8
2 2020 224 2 306.8
2 2020 225 2 306.8
2 2020 226 2 308.9
2 2020 227 2 308.9
2 2020 230 2 308.9
2 2020 231 2 308.3
2 2020 232 2 308.3
2 2020 233 2 309.5
2 2020 234 2 309.5
2 2020 237 2 308.1
2 2020 238 2 310.4
2 2020 239 2 311.3
2 2020 240 2 313.5
2 2020 241 2 313.5
2 2020 244 2 313.5
2 2020 245 2 313.5
2 2020 246 2 313.5
2 2020 247 2 315.7
2 2020 248 2 317.5
2 2020 252 2 318.5
2 2020 253 2 318.5
2 2020 254 2 319.0
2 2020 255 2 319.9
2 2020 258 2 322.6
2 2020 259 2 324.5
2 2020 260 2 324.5
2 2020 261 2 326.7
2 2020 262 2 327.0
2 2020 265 2 329.8
2 2020 266 2 329.8
2 2020 267 2 329.7
2 2020 268 2 331.9
2 2020 269 2 332.4
2 2020 272 2 332.4
2 2020 273 2 334.4
2 2020 274 2 334.4
2 2020 275 3 334.4
2 2020 276 3 337.2
2 2020 279 3 337.2
2 2020 280 3 339.7
2 2020 281 3 341.5
2 2020 282 3 342.2
2 2020 283 3 342.2
2 2020 287 3 344.6
2 2020 288 3 346.6
2 2020 289 3 348.8
2 2020 290 3 347.9
2 2020 293 3 347.9
2 2020 294 3 347.9
2 2020 295 3 345.5
2 2020 296 3 347.0
2 2020 297 3 347.0
2 2020 300 3 347.3
2 2020 301 3 344.6
2 2020 302 3 342.6
2 2020 303 3 344.0
2 2020 304 3 346.0
2 2020 307 3 344.7
2 2020 308 3 345.8
2 2020 309 3 345.8
2 2020 310 3 346.3
2 2020 311 3 346.7
2 2020 314 3 346.7
2 2020 315 3 346.5
2 2020 317 3 349.2
2 2020 318 3 349.2
2 2020 321 3 349.2
2 2020 322 3 349.2
2 2020 323 3 349.2
2 2020 324 3 349.3
2 2020 325 3 349.8
2 2020 328 3 352.3
2 2020 329 3 351.1
2 2020 330 3 351.3
2 2020 332 3 349.5
2 2020 335 3 352.2
2 2020 336 3 352.2
2 2020 337 3 352.2
2 2020 338 3 353.2
2 2020 339 3 353.2
2 2020 342 3 353.4
2 2020 343 3 353.4
2 2020 344 3 352.4
2 2020 345 3 354.1
2 2020 346 3 354.2
2 2020 349 3 355.9
2 2020 350 3 355.9
2 2020 351 3 358.1
2 2020 352 3 359.0
2 2020 353 3 360.1
2 2020 356 3 361.4
2 2020 357 3 361.4
2 2020 358 3 360.9
2 2020 359 3 363.1
2 2020 363 3 364.7
2 2020 364 3 367.6
2 2020 365 3 368.5
2 2020 366 3 371.5
2 2021   4 0 369.0
2 2021   5 0 370.2
2 2021   6 0 370.2
2 2021   7 0 368.1
2 2021   8 0 368.1
2 2021  11 0 370.3
2 2021  12 0 371.1
2 2021  13 0 369.5
2 2021  14 0 369.5
2 2021  15 0 370.2
2 2021  19 0 370.2
2 2021  20 0 370.2
2 2021  21 0 369.9
2 2021  22 0 369.9
2 2021  25 0 369.9
2 2021  26 0 371.9
2 2021  27 0 370.4
2 2021  28 0 370.1
2 2021  29 0 368.4
2 2021  32 0 368.4
2 2021  33 0 368.4
2 2021  34 0 368.4
2 2021  35 0 369.4
2 2021  36 0 369.4
2 2021  39 0 369.4
2 2021  40 0 369.7
2 2021  41 0 368.3
2 2021  42 0 369.6
2 2021  43 0 372.4
2 2021  47 0 372.4
2 2021  48 0 373.8
2 2021  49 0 374.4
2 2021  50 0 374.4
2 2021  53 0 375.4
2 2021  54 0 375.4
2 2021  55 0 375.9
2 2021  56 0 375.9
2 2021  57 0 377.0
2 2021  60 0 379.3
2 2021  61 0 379.9
2 2021  62 0 379.9
2 2021  63 0 380.4
2 2021  64 0 380.4
2 2021  67 0 378.7
2 2021  68 0 381.5
2 2021  69 0 384.0
2 2021  70 0 386.2
2 2021  71 0 385.9
2 2021  74 0 383.0
2 2021  75 0 386.0
2 2021  76 0 388.5
2 2021  77 0 388.0
2 2021  78 0 386.0
2 2021  81 0 386.0
2 2021  82 0 386.6
2 2021  83 0 386.7
2 2021  84 0 387.5
2 2021  85 0 384.8
2 2021  88 0 384.8
2 2021  89 0 386.3
2 2021  90 0 385.9
2 2021  91 1 384.6
2 2021  92 1 382.1
2 2021  95 1 383.2
2 2021  96 1 381.8
2 2021  97 1 381.8
2 2021  98 1 381.8
2 2021  99 1 384.6
2 2021 102 1 384.2
2 2021 103 1 386.3
2 2021 104 1 388.5
2 2021 105 1 386.5
2 2021 106 1 385.5
2 2021 109 1 385.5
2 2021 110 1 383.0
2 2021 111 1 383.0
2 2021 112 1 380.3
2 2021 113 1 380.3
2 2021 116 1 380.1
2 2021 117 1 382.1
2 2021 118 1 382.1
2 2021 119 1 382.1
2 2021 120 1 383.1
2 2021 123 1 385.3
2 2021 124 1 387.3
2 2021 125 1 388.1
2 2021 126 1 385.9
2 2021 127 1 388.1
2 2021 130 1 391.0
2 2021 131 1 391.0
2 2021 132 1 391.0
2 2021 133 1 391.0
2 2021 134 1 392.4
2 2021 137 1 392.4
2 2021 138 1 390.7
2 2021 139 1 393.4
2 2021 140 1 390.5
2 2021 141 1 393.3
2 2021 144 1 393.3
2 2021 145 1 395.8
2 2021 146 1 395.8
2 2021 147 1 395.8
2 2021 148 1 398.7
2 2021 152 1 398.7
2 2021 153 1 400.5
2 2021 154 1 402.5
2 2021 155 1 400.6
2 2021 158 1 400.6
2 2021 159 1 401.2
2 2021 160 1 403.7
2 2021 161 1 405.1
2 2021 162 1 405.1
2 2021 165 1 407.3
2 2021 166 1 407.3
2 2021 167 1 407.3
2 2021 168 1 408.9
2 2021 172 1 408.9
2 2021 173 1 411.3
2 2021 174 1 411.3
2 2021 175 1 414.1
2 2021 176 1 416.9
2 2021 179 1 416.9
2 2021 180 1 415.1
2 2021 181 1 417.2
2 2021 182 2 419.3
2 2021 183 2 419.6
2 2021 187 2 417.6
2 2021 188 2 420.1
2 2021 189 2 423.0
2 2021 190 2 425.2
2 2021 193 2 426.0
2 2021 194 2 426.0
2 2021 195 2 428.6
2 2021 196 2 431.2
2 2021 197 2 434.1
2 2021 200 2 433.7
2 2021 201 2 435.2
2 2021 202 2 432.8
2 2021 203 2 434.8
2 2021 204 2 436.9
2 2021 207 2 438.0
2 2021 208 2 438.0
2 2021 209 2 438.0
2 2021 210 2 438.9
2 2021 211 2 439.1
2 2021 214 2 439.0
2 2021 215 2 441.0
2 2021 216 2 440.2
2 2021 217 2 441.9
2 2021 218 2 441.9
2 2021 221 2 442.9
2 2021 222 2 442.9
2 2021 223 2 442.9
2 2021 224 2 442.9
2 2021 225 2 444.7
2 2021 228 2 445.5
2 2021 229 2 445.5
2 2021 230 2 445.1
2 2021 231 2 447.0
2 2021 232 2 447.0
2 2021 235 2 450.0
2 2021 236 2 450.2
2 2021 237 2 450.6
2 2021 238 2 451.9
2 2021 239 2 452.3
2 2021 242 2 452.3
2 2021 243 2 452.3
2 2021 244 2 453.4
2 2021 245 2 453.9
2 2021 246 2 451.6
2 2021 250 2 454.4
2 2021 251 2 454.4
2 2021 252 2 454.7
2 2021 253 2 453.1
2 2021 256 2 453.1
2 2021 257 2 453.1
2 2021 258 2 453.1
2 2021 259 2 454.4
2 2021 260 2 456.7
2 2021 263 2 456.7
2 2021 264 2 456.7
2 2021 265 2 458.4
2 2021 266 2 458.5
2 2021 267 2 458.7
2 2021 270 2 459.4
2 2021 271 2 459.4
2 2021 272 2 460.6
2 2021 273 2 462.3
2 2021 274 3 464.1
2 2021 277 3 464.1
2 2021 278 3 464.1
2 2021 279 3 461.7
2 2021 280 3 464.5
2 2021 281 3 466.9
2 2021 285 3 465.4
2 2021 286 3 466.5
2 2021 287 3 467.1
2 2021 288 3 467.1
2 2021 291 3 467.1
2 2021 292 3 467.1
2 2021 293 3 469.8
2 2021 294 3 470.2
2 2021 295 3 471.8
2 2021 298 3 469.7
2 2021 299 3 469.7
2 2021 300 3 469.7
2 2021 301 3 470.6
2 2021 302 3 471.5
2 2021 305 3 471.6
2 2021 306 3 470.9
2 2021 307 3 472.8
2 2021 308 3 475.5
2 2021 309 3 474.3
2 2021 312 3 474.3
2 2021 313 3 473.2
2 2021 314 3 473.2
2 2021 316 3 476.0
2 2021 319 3 476.0
2 2021 320 3 476.0
2 2021 321 3 476.0
2 2021 322 3 476.4
2 2021 323 3 474.3
2 2021 326 3 474.3
2 2021 327 3 475.7
2 2021 328 3 476.0
2 2021 330 3 476.1
2 2021 333 3 476.1
2 2021 334 3 476.2
2 2021 335 3 477.7
2 2021 336 3 480.7
2 2021 337 3 480.7
2 2021 340 3 483.7
2 2021 341 3 484.1
2 2021 342 3 484.1
2 2021 343 3 484.5
2 2021 344 3 485.4
2 2021 347 3 485.4
2 2021 348 3 485.6
2 2021 349 3 485.6
2 2021 350 3 486.7
2 2021 351 3 485.0
2 2021 354 3 483.3
2 2021 355 3 486.2
2 2021 356 3 486.2
2 2021 357 3 487.4
2 2021 361 3 484.5
2 2021 362 3 485.8
2 2021 363 3 485.8
2 2021 364 3 486.9
2 2022   3 0 484.8
2 2022   4 0 484.8
2 2022   5 0 486.2
2 2022   6 0 486.2
2 2022   7 0 487.8
2 2022  10 0 487.8
2 2022  11 0 490.7
2 2022  12 0 492.9
2 2022  13 0 491.7
2 2022  14 0 491.7
2 2022  18 0 491.7
2 2022  19 0 494.6
2 2022  20 0 494.6
2 2022  21 0 494.4
2 2022  24 0 496.9
2 2022  25 0 498.4
2 2022  26 0 498.4
2 2022  27 0 499.6
2 2022  28 0 501.6
2 2022  31 0 499.0
2 2022  32 0 497.4
2 2022  33 0 497.4
2 2022  34 0 499.6
2 2022  35 0 499.1
2 2022  38 0 499.1
2 2022  39 0 501.4
2 2022  40 0 501.3
2 2022  41 0 500.9
2 2022  42 0 500.9
2 2022  45 0 500.9
2 2022  46 0 501.0
2 2022  47 0 498.4
2 2022  48 0 496.0
2 2022  49 0 496.0
2 2022  53 0 495.2
2 2022  54 0 495.8
2 2022  55 0 495.5
2 2022  56 0 495.5
2 2022  59 0 498.0
2 2022  60 0 498.0
2 2022  61 0 495.2
2 2022  62 0 495.8
2 2022  63 0 495.8
2 2022  66 0 496.8
2 2022  67 0 496.8
2 2022  68 0 499.3
2 2022  69 0 498.2
2 2022  70 0 499.5
2 2022  73 0 499.5
2 2022  74 0 500.2
2 2022  75 0 498.0
2 2022  76 0 495.6
2 2022  77 0 494.6
2 2022  80 0 494.5
2 2022  81 0 493.6
2 2022  82 0 492.9
2 2022  83 0 490.0
2 2022  84 0 490.6
2 2022  87 0 491.2
2 2022  88 0 489.8
2 2022  89 0 490.5
2 2022  90 0 490.5
2 2022  91 1 490.5
2 2022  94 1 489.1
2 2022  95 1 489.1
2 2022  96 1 489.8
2 2022  97 1 487.8
2 2022  98 1 487.8
2 2022 101 1 489.5
2 2022 102 1 488.3
2 2022 103 1 485.9
2 2022 104 1 485.9
2 2022 105 1 487.3
2 2022 108 1 486.0
2 2022 109 1 486.2
2 2022 110 1 486.2
2 2022 111 1 486.0
2 2022 112 1 485.2
2 2022 115 1 485.2
2 2022 116 1 485.2
2 2022 117 1 483.5
2 2022 118 1 483.5
2 2022 119 1 480.9
2 2022 122 1 480.9
2 2022 123 1 480.9
2 2022 124 1 480.9
2 2022 125 1 482.6
2 2022 126 1 481.9
2 2022 129 1 482.3
2 2022 130 1 482.3
2 2022 131 1 480.8
2 2022 132 1 480.8
2 2022 133 1 480.8
2 2022 136 1 483.2
2 2022 137 1 481.9
2 2022 138 1 480.1
2 2022 139 1 478.2
2 2022 140 1 477.3
2 2022 143 1 474.6
2 2022 144 1 475.4
2 2022 145 1 473.0
2 2022 146 1 475.8
2 2022 147 1 476.8
2 2022 151 1 475.7
2 2022 152 1 475.7
2 2022 153 1 476.0
2 2022 154 1 477.5
2 2022 157 1 480.4
2 2022 158 1 479.8
2 2022 159 1 479.3
2 2022 160 1 481.2
2 2022 161 1 481.2
2 2022 164 1 479.2
2 2022 165 1 479.8
2 2022 166 1 479.8
2 2022 167 1 481.9
2 2022 168 1 484.6
2 2022 172 1 485.2
2 2022 173 1 487.5
2 2022 174 1 490.0
2 2022 175 1 492.2
2 2022 178 1 492.2
2 2022 179 1 492.2
2 2022 180 1 489.7
2 2022 181 1 491.0
2 2022 182 2 488.1
2 2022 186 2 486.1
2 2022 187 2 487.1
2 2022 188 2 489.2
2 2022 189 2 487.3
2 2022 192 2 486.3
2 2022 193 2 488.7
2 2022 194 2 490.2
2 2022 195 2 490.9
2 2022 196 2 490.9
2 2022 199 2 490.9
2 2022 200 2 490.9
2 2022 201 2 493.6
2 2022 202 2 494.8
2 2022 203 2 493.6
2 2022 206 2 492.4
2 2022 207 2 492.4
2 2022 208 2 492.4
2 2022 209 2 494.9
2 2022 210 2 494.9
2 2022 213 2 493.9
2 2022 214 2 493.7
2 2022 215 2 491.1
2 2022 216 2 494.0
2 2022 217 2 495.7
2 2022 220 2 493.6
2 2022 221 2 490.6
2 2022 222 2 488.9
2 2022 223 2 490.3
2 2022 224 2 491.6
2 2022 227 2 491.6
2 2022 228 2 493.5
2 2022 229 2 492.6
2 2022 230 2 494.6
2 2022 231 2 496.9
2 2022 234 2 496.9
2 2022 235 2 495.4
2 2022 236 2 496.7
2 2022 237 2 499.5
2 2022 238 2 496.8
2 2022 241 2 497.7
2 2022 242 2 498.5
2 2022 243 2 501.2
2 2022 244 2 501.6
2 2022 245 2 501.6
2 2022 249 2 501.6
2 2022 250 2 501.6
2 2022 251 2 504.4
2 2022 252 2 504.4
2 2022 255 2 504.4
2 2022 256 2 506.8
2 2022 257 2 506.1
2 2022 258 2 506.1
2 2022 259 2 506.1
2 2022 262 2 507.8
2 2022 263 2 510.4
2 2022 264 2 510.4
2 2022 265 2 513.2
2 2022 266 2 515.8
2 2022 269 2 515.8
2 2022 270 2 514.7
2 2022 271 2 512.8
2 2022 272 2 513.5
2 2022 273 2 512.3
2 2022 276 3 512.3
2 2022 277 3 512.3
2 2022 278 3 511.5
2 2022 279 3 511.5
2 2022 280 3 513.2
2 2022 284 3 513.2
2 2022 285 3 510.5
2 2022 286 3 511.9
2 2022 287 3 512.1
2 2022 290 3 510.6
2 2022 291 3 510.1
2 2022 292 3 510.0
2 2022 293 3 511.4
2 2022 294 3 513.2
2 2022 297 3 513.2
2 2022 298 3 515.4
2 2022 299 3 515.2
2 2022 300 3 517.3
2 2022 301 3 517.0
2 2022 304 3 515.2
2 2022 305 3 515.2
2 2022 306 3 514.8
2 2022 307 3 517.6
2 2022 308 3 515.2
2 2022 311 3 513.8
2 2022 312 3 513.3
2 2022 313 3 513.3
2 2022 314 3 514.8
2 2022 318 3 515.6
2 2022 319 3 515.6
2 2022 320 3 515.6
2 2022 321 3 517.9
2 2022 322 3 515.9
2 2022 325 3 515.9
2 2022 326 3 515.9
2 2022 327 3 514.5
2 2022 329 3 515.3
2 2022 332 3 515.3
2 2022 333 3 514.2
2 2022 334 3 516.5
2 2022 335 3 517.6
2 2022 336 3 518.1
2 2022 339 3 515.3
2 2022 340 3 515.4
2 2022 341 3 515.4
2 2022 342 3 516.2
2 2022 343 3 518.6
2 2022 346 3 518.5
2 2022 347 3 518.1
2 2022 348 3 516.0
2 2022 349 3 517.6
2 2022 350 3 517.6
2 2022 353 3 517.0
2 2022 354 3 517.0
2 2022 355 3 519.3
2 2022 356 3 520.0
2 2022 357 3 517.5
2 2022 361 3 517.5
2 2022 362 3 517.5
2 2022 363 3 519.2
2 2022 364 3 518.1
2 2023   3 0 519.8
2 2023   4 0 517.8
2 2023   5 0 517.8
2 2023   6 0 517.8
2 2023   9 0 517.8
2 2023  10 0 517.8
2 2023  11 0 518.4
2 2023  12 0 518.7
2 2023  13 0 517.8
2 2023  17 0 516.5
2 2023  18 0 515.0
2 2023  19 0 515.7
2 2023  20 0 515.3
2 2023  23 0 512.5
2 2023  24 0 512.5
2 2023  25 0 509.8
2 2023  26 0 512.3
2 2023  27 0 512.3
2 2023  30 0 511.8
2 2023  31 0 511.8
2 2023  32 0 509.6
2 2023  33 0 509.6
2 2023  34 0 512.0
2 2023  37 0 509.7
2 2023  38 0 509.7
2 2023  39 0 507.3
2 2023  40 0 510.3
2 2023  41 0 510.3
2 2023  44 0 510.3
2 2023  45 0 507.5
2 2023  46 0 507.5
2 2023  47 0 507.0
2 2023  48 0 507.0
2 2023  52 0 507.0
2 2023  53 0 505.8
2 2023  54 0 505.8
2 2023  55 0 504.6
2 2023  58 0 504.3
2 2023  59 0 504.3
2 2023  60 0 505.8
2 2023  61 0 506.8
2 2023  62 0 506.8
2 2023  65 0 508.9
2 2023  66 0 505.9
2 2023  67 0 505.3
2 2023  68 0 505.3
2 2023  69 0 505.3
2 2023  72 0 505.6
2 2023  73 0 505.6
2 2023  74 0 505.1
2 2023  75 0 503.0
2 2023  76 0 500.9
2 2023  79 0 499.0
2 2023  80 0 499.7
2 2023  81 0 499.7
2 2023  82 0 502.2
2 2023  83 0 505.0
2 2023  86 0 505.0
2 2023  87 0 505.0
2 2023  88 0 507.0
2 2023  89 0 507.6
2 2023  90 0 507.6
2 2023  93 1 507.4
2 2023  94 1 505.7
2 2023  95 1 505.7
2 2023  96 1 505.7
2 2023  97 1 504.6
2 2023 100 1 504.6
2 2023 101 1 504.6
2 2023 102 1 504.5
2 2023 103 1 507.0
2 2023 104 1 506.6
2 2023 107 1 506.1
2 2023 108 1 506.1
2 2023 109 1 507.7
2 2023 110 1 508.2
2 2023 111 1 506.7
2 2023 114 1 507.8
2 2023 115 1 508.6
2 2023 116 1 508.6
2 2023 117 1 509.4
2 2023 118 1 510.8
2 2023 121 1 510.8
2 2023 122 1 508.5
2 2023 123 1 508.9
2 2023 124 1 508.9
2 2023 125 1 506.4
2 2023 128 1 503.8
2 2023 129 1 504.5
2 2023 130 1 502.3
2 2023 131 1 501.5
2 2023 132 1 501.5
2 2023 135 1 502.9
2 2023 136 1 501.4
2 2023 137 1 499.4
2 2023 138 1 499.4
2 2023 139 1 498.9
2 2023 142 1 501.7
2 2023 143 1 501.4
2 2023 144 1 501.4
2 2023 145 1 501.4
2 2023 146 1 503.1
2 2023 150 1 503.1
2 2023 151 1 504.7
2 2023 152 1 505.9
2 2023 153 1 505.9
2 2023 156 1 505.9
2 2023 157 1 504.3
2 2023 158 1 504.3
2 2023 159 1 506.1
2 2023 160 1 506.1
2 2023 163 1 506.1
2 2023 164 1 505.6
2 2023 165 1 506.0
2 2023 166 1 507.4
2 2023 167 1 509.3
2 2023 171 1 509.3
2 2023 172 1 509.3
2 2023 173 1 509.8
2 2023 174 1 511.2
2 2023 177 1 512.4
2 2023 178 1 512.2
2 2023 179 1 512.2
2 2023 180 1 512.8
2 2023 181 1 512.8
2 2023 184 2 509.9
2 2023 186 2 509.3
2 2023 187 2 510.7
2 2023 188 2 510.7
2 2023 191 2 510.7
2 2023 192 2 509.6
2 2023 193 2 508.2
2 2023 194 2 510.4
2 2023 195 2 510.4
2 2023 198 2 511.9
2 2023 199 2 511.0
2 2023 200 2 510.9
2 2023 201 2 512.3
2 2023 202 2 510.8
2 2023 205 2 510.8
2 2023 206 2 509.7
2 2023 207 2 510.0
2 2023 208 2 511.5
2 2023 209 2 511.5
2 2023 212 2 511.5
2 2023 213 2 511.5
2 2023 214 2 511.5
2 2023 215 2 511.9
2 2023 216 2 511.9
2 2023 219 2 511.9
2 2023 220 2 511.9
2 2023 221 2 510.6
2 2023 222 2 512.5
2 2023 223 2 510.8
2 2023 226 2 510.8
2 2023 227 2 513.0
2 2023 228 2 514.3
2 2023 229 2 515.7
2 2023 230 2 515.7
2 2023 233 2 518.1
2 2023 234 2 517.2
2 2023 235 2 519.0
2 2023 236 2 520.9
2 2023 237 2 519.3
2 2023 240 2 518.9
2 2023 241 2 518.5
2 2023 242 2 516.9
2 2023 243 2 519.1
2 2023 244 2 519.1
2 2023 248 2 516.5
2 2023 249 2 514.1
2 2023 250 2 515.3
2 2023 251 2 517.1
2 2023 254 2 517.1
2 2023 255 2 520.0
2 2023 256 2 520.0
2 2023 257 2 521.2
2 2023 258 2 521.2
2 2023 261 2 521.2
2 2023 262 2 521.2
2 2023 263 2 521.0
2 2023 264 2 522.0
2 2023 265 2 519.1
2 2023 268 2 519.1
2 2023 269 2 516.8
2 2023 270 2 516.8
2 2023 271 2 519.4
2 2023 272 2 517.1
2 2023 275 3 516.5
2 2023 276 3 516.6
2 2023 277 3 517.1
2 2023 278 3 518.8
2 2023 279 3 517.4
2 2023 283 3 515.2
2 2023 284 3 516.8
2 2023 285 3 518.5
2 2023 286 3 516.1
2 2023 289 3 517.2
2 2023 290 3 516.2
2 2023 291 3 516.2
2 2023 292 3 518.0
2 2023 293 3 517.2
2 2023 296 3 517.2
2 2023 297 3 517.7
2 2023 298 3 519.9
2 2023 299 3 521.8
2 2023 300 3 521.8
2 2023 303 3 520.4
2 2023 304 3 520.4
2 2023 305 3 522.1
2 2023 306 3 522.4
2 2023 307 3 522.4
2 2023 310 3 521.5
2 2023 311 3 521.4
2 2023 312 3 521.4
2 2023 313 3 523.9
2 2023 317 3 525.4
2 2023 318 3 527.5
2 2023 319 3 527.5
2 2023 320 3 529.0
2 2023 321 3 531.8
2 2023 324 3 531.8
2 2023 325 3 534.4
2 2023 326 3 532.0
2 2023 328 3 534.7
2 2023 331 3 535.1
2 2023 332 3 537.1
2 2023 333 3 538.8
2 2023 334 3 539.2
2 2023 335 3 539.2
2 2023 338 3 539.2
2 2023 339 3 539.2
2 2023 340 3 536.9
2 2023 341 3 539.6
2 2023 342 3 539.8
2 2023 345 3 542.0
2 2023 346 3 542.0
2 2023 347 3 543.2
2 2023 348 3 544.4
2 2023 349 3 546.8
2 2023 352 3 546.8
2 2023 353 3 546.8
2 2023 354 3 544.1
2 2023 355 3 546.2
2 2023 356 3 543.5
2 2023 360 3 544.5
2 2023 361 3 546.7
2 2023 362 3 547.9
2 2023 363 3 549.9
